1024	3
-0.27308	2.776429	0.322655
0.101021	3.139414	0.060539
-1.082819	2.872292	-0.284616
-0.666561	-0.979718	1.51266
-0.476477	-0.971064	1.546193
0.910025	1.245347	1.427557
-0.195405	-0.954271	1.451149
0.587756	-0.953656	1.783884
0.354501	1.153485	1.326426
0.493266	-0.854608	1.75265
0.854157	-0.81305	1.629846
-1.003145	2.316032	1.469778
-0.348767	2.865589	0.280214
0.66774	-0.840069	1.687147
0.696582	-0.73157	1.608686
1.172789	-0.703515	1.76607
1.127342	-0.857245	1.608879
0.343123	0.537229	-0.998631
-0.386013	-0.748122	1.262571
-0.309538	-0.603879	1.229377
-0.143225	-0.800328	1.358339
0.590398	-0.727217	1.579926
2.370533	-0.746965	1.087648
2.573694	-0.698796	1.11878
0.570714	-0.657222	1.540694
1.189446	-0.635939	1.813448
1.477666	-0.724323	1.732846
2.692889	-0.716361	1.092013
-0.989219	2.717719	-0.039024
1.030071	-0.552279	1.79355
1.320151	1.285093	1.416589
0.912762	-0.633125	1.735139
2.500951	-0.491921	1.068109
1.986209	1.672892	0.749233
-0.163726	-0.584808	1.331138
1.25758	-0.464742	1.841032
-1.213341	1.953836	1.741688
-0.66348	2.525792	1.170721
0.031807	-0.639103	1.320391
-0.541754	2.604596	0.865831
0.31458	-0.550789	1.233112
0.942235	-0.366747	1.864486
1.197215	1.502685	1.308384
2.702538	-0.508519	1.108558
1.142195	-0.271399	1.8853
1.332505	-0.339436	1.889129
1.347258	1.600076	1.191344
-0.313726	1.649797	-0.236538
2.609855	-0.25124	0.95488
2.772396	-0.35258	1.054653
-0.421503	-0.279621	1.163584
-0.072376	-0.323486	1.397069
0.294796	-0.204824	1.303714
1.908959	1.128247	1.342776
1.523296	1.469489	1.264933
-0.075202	3.031178	0.175806
-0.676858	1.269145	-0.430515
-0.281632	-0.268166	1.281377
1.42101	-0.141786	1.8584
2.55687	1.024625	0.194084
1.478241	1.808708	0.926401
0.879379	-0.135968	1.836778
1.158196	-0.160008	1.895036
2.678211	-0.148828	0.888861
2.843756	-0.17756	0.941547
0.057188	-0.290494	1.401991
1.043148	-0.004971	1.935757
-0.030264	0.196549	1.456015
1.163851	0.07462	1.96307
1.331222	0.073103	1.889319
-1.53204	2.251763	0.318858
2.63901	0.851522	0.444934
1.48849	0.03881	1.880133
0.192497	1.392636	1.113962
-0.160701	3.054419	0.164297
-0.690005	0.045684	1.405032
-0.49951	0.043157	1.407745
0.02901	0.082374	1.42722
-1.321221	1.846333	1.778538
-0.090486	3.185367	-0.195952
0.246222	0.078459	1.379402
0.811162	1.772313	0.837982
0.913376	0.265427	1.933545
1.046076	0.26501	1.918975
0.410773	1.485932	1.060922
0.839843	1.531461	1.232314
-0.223331	1.662281	0.868718
0.343401	3.492562	-0.269226
-0.240696	0.091986	1.431225
0.752363	0.173494	1.897066
1.260488	0.245255	1.915146
0.214633	0.317834	1.412578
0.638779	0.291375	1.917664
1.297735	0.343264	1.916516
-0.235074	1.154984	1.327752
-0.717066	0.193672	1.446772
-0.99228	2.902794	-0.362258
-0.124587	0.431809	1.444272
0.286523	0.406314	1.509759
-0.869953	3.452367	-1.830807
-1.25058	1.667929	1.770659
1.629014	1.315166	1.30067
0.342152	1.673713	0.158017
0.574559	0.41685	1.883861
-1.484508	1.130106	0.184931
2.212781	1.465549	0.84961
-1.084806	3.038673	-0.609291
-0.770352	0.512553	1.527133
0.261892	0.532137	1.487177
1.306147	0.677351	1.834384
-0.624502	0.643649	1.526179
-0.323879	0.445289	1.531987
0.04093	0.551422	1.472161
0.752958	0.493064	1.895271
-1.167838	2.247302	1.55743
0.641535	1.477141	1.202254
-0.565773	0.521486	1.517422
0.667105	0.619199	1.835492
0.979926	0.599574	1.893655
-0.320702	0.610702	1.495278
1.423103	0.468186	1.88474
-0.48548	2.587165	0.574596
2.382464	1.219024	0.905263
-1.555213	0.819159	0.162961
-0.771449	0.626055	1.519142
0.954692	0.707904	1.840512
1.660088	0.757418	1.650389
-0.449956	2.626763	0.448708
-1.081423	1.534512	1.797345
0.10688	0.651395	1.498991
0.377043	0.686872	1.508484
0.166868	3.336914	-0.06993
1.029182	1.852454	0.699776
-0.864238	0.740861	1.441558
-0.519974	0.787804	1.465815
-0.082464	0.73262	1.426547
1.738938	0.950725	1.560225
1.543953	1.618612	1.172827
1.275377	1.895621	0.503822
1.451296	0.830298	1.63871
0.002484	1.516214	1.029749
-0.907071	2.737125	-0.195144
-0.810044	0.959279	1.407045
-0.622743	0.813917	1.464656
-0.344273	0.769538	1.490212
-0.251696	0.878942	1.436352
1.906903	0.93514	1.510102
0.000253	0.90866	1.385935
1.147851	0.912767	1.513333
1.604746	0.969505	1.561768
2.646866	0.717823	0.757386
0.212456	0.832153	1.48726
0.285144	1.69718	0.296608
-0.395837	1.149718	1.307813
-0.18044	1.049312	1.388237
0.333953	0.940959	1.447535
1.207751	0.968929	1.485651
1.370393	0.957573	1.486935
1.763539	1.552298	1.139032
2.670152	0.61466	0.084076
-1.163674	1.12872	1.283835
-0.891032	1.134476	1.293882
-0.576464	1.036952	1.391913
0.634194	1.201088	1.38546
1.481719	1.108605	1.398037
0.118798	1.205821	1.248359
1.723293	1.142959	1.38861
2.475169	1.124046	0.798347
0.147288	3.072184	-0.425516
-0.984976	1.187949	1.312022
0.064919	3.189544	0.07022
-0.727538	1.193544	1.27522
-0.406414	1.282672	1.215652
-0.01277	1.188138	1.255555
1.064812	1.139819	1.476833
-0.961474	2.667674	0.924737
1.776186	-0.972548	1.485381
-0.553997	0.641907	-0.639905
0.238238	3.002166	-0.122131
0.875662	-0.954684	1.670708
1.437891	-0.948237	1.547836
1.864735	1.498202	1.166712
1.815504	-0.791563	1.456728
2.878195	-0.741386	0.918363
0.189061	2.683889	0.122653
0.725253	3.09963	-0.426098
2.551672	-0.854649	1.072927
-0.524755	2.223343	1.015976
0.671964	2.8892	-0.206845
1.596335	-0.889342	1.518352
2.166174	-0.819095	1.221878
-0.853428	1.659236	1.642502
-0.139027	2.843676	0.232207
0.457184	3.53352	-0.275023
1.962164	-0.745887	1.377448
2.098149	0.997335	1.333822
-0.967101	1.637671	1.761249
-0.023872	2.83419	0.132955
1.913483	-0.518193	1.60677
-0.299393	-0.856136	1.393279
0.700839	3.519792	-0.551395
-0.200583	2.5868	0.329477
1.749085	-0.58019	1.632307
2.304277	-0.52901	1.282934
2.306372	-0.732519	1.114727
2.974008	-0.513666	0.969379
0.807136	2.902384	-0.319692
1.607793	-0.571728	1.739443
0.863079	3.353235	-0.672541
0.409438	3.404337	-0.216856
-0.532215	1.57831	1.308164
2.055398	-0.504284	1.46553
0.616199	3.643396	-0.466144
0.573797	2.742804	-0.127858
-0.814122	2.225664	1.316728
2.982904	-0.367519	0.983168
0.489491	2.758117	-0.016532
-0.32028	1.472574	1.063676
2.225074	1.331201	1.03516
2.343751	-0.330557	1.32672
2.570086	-0.36898	1.024237
-0.561076	2.082876	1.09639
2.455936	-0.266136	1.213214
2.525775	-0.295449	1.060677
-0.271439	2.412596	0.338838
1.515912	-0.429613	1.785338
0.642836	2.807643	-0.150588
0.765969	3.611265	-0.696144
2.314521	0.930597	1.20497
0.104538	2.907041	0.01023
1.57356	-0.244009	1.81573
3.018399	-0.195313	0.900703
-0.417257	2.453002	0.539269
-1.014568	1.422363	1.766664
2.090396	-0.35186	1.486945
2.351708	-0.095003	1.321642
2.428397	0.648498	1.243045
-0.583228	1.678135	1.350353
-0.588442	2.47533	1.09166
2.228835	0.794046	1.37746
0.021253	2.914973	0.080671
1.944587	-0.084907	1.632617
0.143582	2.743469	0.148281
-0.740824	1.439318	1.371074
0.385801	2.796883	0.028438
2.081574	-0.090085	1.474526
0.854118	2.929557	-0.427904
0.33977	2.974642	-0.159421
2.542469	-0.016822	1.088817
2.243282	0.16594	1.460011
-0.69143	2.151211	1.163751
-0.890552	2.419737	1.338895
2.606432	0.703573	0.892042
-0.964318	1.919688	1.602422
0.479104	3.289327	-0.348603
2.551589	0.559111	-0.247081
-0.773806	2.054693	1.246469
1.954682	1.590127	0.999121
1.820147	0.169659	1.774852
2.379213	0.097505	1.320663
0.233422	3.274598	-0.047816
-0.746351	2.843785	-1.069553
1.542327	0.238434	1.8406
2.130253	0.178213	1.536196
2.642851	-0.045541	0.893381
-1.373151	1.27511	0.023291
-0.428009	1.420988	1.142503
-0.723808	1.57843	1.437317
2.309871	0.335984	1.40359
2.70009	0.31509	0.764402
-0.780403	1.274988	1.272978
-0.878148	1.379503	1.61426
0.206548	3.063929	-0.116592
2.668301	0.766971	0.294924
-0.360585	2.503284	0.44425
1.555199	0.431471	1.851114
-1.043812	0.935327	-0.37586
-0.353992	1.741445	1.091065
2.531982	0.341259	1.135948
0.208066	2.615336	0.057983
2.122794	1.163768	1.252795
-0.688734	2.373752	1.240473
-0.858203	1.50364	1.686843
1.733707	0.397431	1.734149
-0.573797	1.339924	1.227951
2.470671	0.338256	-0.400799
2.513357	0.890667	-0.092928
-1.231952	3.317297	-1.538941
2.709901	0.56272	0.287023
-0.530223	1.871223	1.22151
2.041778	0.230625	1.627601
1.835833	0.591455	1.621752
-0.985943	2.174453	1.545516
0.580899	3.580002	-0.39013
0.745976	3.277251	-0.540096
1.686017	0.605369	1.746966
2.128526	0.654277	1.497966
2.321835	0.509888	1.406446
-1.114939	1.789319	1.757721
2.338937	0.729698	-0.373467
1.991385	0.70816	1.577281
-0.865256	1.262254	1.332507
-0.692329	0.807519	-0.544202
-0.295304	2.007711	0.416439
-0.034057	0.593003	-0.685391
0.820362	0.739509	-0.972769
-0.418456	2.083488	0.079943
1.969311	-0.966886	1.381257
-0.819263	3.081562	-1.281608
2.173389	-0.974708	-0.086053
2.996007	-0.804539	0.468828
1.090486	1.405031	-0.447489
2.009348	-0.967384	-0.206781
1.733369	1.065225	-0.531118
1.938733	-0.956481	-0.4364
1.930815	-0.838627	-0.590159
-0.798289	2.742892	-1.324879
-0.761536	3.321051	-1.886865
3.110151	-0.650656	0.461551
2.918284	-0.807502	0.158013
2.212141	-0.77273	-0.211017
-0.769121	2.891194	-1.609464
2.128287	-0.791196	-0.432396
-0.353933	2.274139	0.391162
3.06641	-0.669849	0.260239
2.984232	-0.661957	0.09732
-0.739666	2.65857	-0.871126
3.101147	-0.618488	0.739164
3.187447	-0.442394	0.444998
2.242208	-0.553027	-0.41925
-0.456378	2.093941	0.934224
2.638081	0.45901	-0.079833
-0.81071	2.592149	-0.184125
-1.677519	1.425911	0.255963
-0.141487	1.702496	-0.175132
1.983864	-0.493425	-0.754932
-0.761285	2.758528	-0.562694
2.386302	-0.588614	-0.174543
2.453177	1.033236	0.960674
3.021188	-0.47251	0.055028
2.504506	-0.440926	-0.103992
-0.764749	2.379576	-0.156686
-0.456836	2.28409	0.752575
3.206365	-0.346666	0.456214
-0.760514	2.570247	-0.380305
3.157571	-0.393827	0.261566
2.454446	-0.352519	-0.260699
-1.677262	2.030052	0.696287
-1.786585	1.784946	0.745529
-0.053778	2.504427	0.196018
3.14758	-0.280991	0.766781
-0.769631	3.076915	-1.514133
3.173648	-0.134248	0.567772
2.270085	-0.33512	-0.499513
2.099099	-0.230125	-0.638181
-0.27912	2.334066	0.263424
-1.580109	1.605714	0.046998
2.271255	-0.089884	-0.523408
-1.626657	2.063131	0.908223
-0.489751	2.528621	0.848659
2.673802	0.157078	0.041696
2.531136	-0.107833	-0.246888
-1.737983	1.555132	1.009812
-0.348162	2.250062	0.202102
-1.488442	1.217457	0.192987
-1.548674	1.105641	0.424142
-0.721659	3.228713	-1.860482
2.571424	0.929881	0.072702
2.514003	0.131439	-0.234566
-1.442487	0.919448	-0.048616
-0.359181	2.121373	0.237013
0.188106	3.360312	-0.320452
2.635507	0.373226	0.936664
2.722621	0.312688	0.289711
2.647967	0.28685	-0.030205
-0.764374	2.870575	-1.28682
0.008186	1.757143	0.065421
-0.80535	3.190764	-1.534414
-0.9842	3.479048	-1.770304
-0.803778	3.402854	-1.763089
-0.127901	1.812818	0.369262
-0.09058	3.216726	-0.053757
-0.958385	3.300832	-1.444393
-0.985659	3.481488	-1.683705
0.423164	1.679272	0.650698
-1.512567	2.575197	0.456479
0.907583	3.450874	-0.834332
-1.132108	3.450218	-1.604903
-1.041782	2.780005	-0.117137
-0.107616	1.767574	0.58134
0.815599	1.824585	0.561068
-1.306663	2.62288	0.936362
-1.802349	1.574661	0.647884
-1.133498	3.416512	-1.491949
2.070591	1.351179	1.141258
-1.552121	1.190451	0.380904
-1.5456	1.107387	0.615186
-0.860791	2.56596	1.198835
1.45393	1.87152	0.733266
0.091255	1.768754	0.424274
-1.449256	1.10652	0.90298
-1.573058	1.190732	0.588493
-1.138327	2.738419	-0.097403
-1.341141	2.484712	1.225905
-1.095041	2.668682	0.145843
-1.207851	2.543541	-0.331799
-1.06414	3.273968	-1.275014
1.66495	0.525224	-0.900481
-1.473936	0.604939	-0.08276
-0.892092	3.13909	-1.183404
-1.24267	3.316673	-1.362585
-0.182273	1.802039	0.647694
2.270238	1.408345	0.101212
-1.61594	2.492179	0.440237
-1.504758	2.513072	1.013551
-1.140369	2.678832	0.490602
0.978171	0.812559	1.739818
-0.80375	2.643567	0.256833
-1.316034	2.657829	0.635246
-0.988446	2.686783	0.76858
0.321505	1.595383	0.808613
0.241803	1.499823	1.006296
-1.584588	2.568014	0.691794
-0.757146	2.66972	0.819335
3.001534	0.016397	0.414887
-0.632348	2.664246	0.510665
2.51371	1.121186	0.351075
-1.611574	0.877462	0.740969
-1.131926	1.251093	-0.185665
-1.381911	1.198733	0.04283
0.601788	3.647121	-0.55301
-0.779035	2.878031	-0.730855
-1.140091	3.230623	-1.147309
3.100681	-0.024927	0.467488
0.060515	1.716588	0.71318
0.025693	1.619232	0.925197
0.771508	1.657841	1.039451
-0.066386	1.376281	-0.426
0.433203	0.713167	-0.792356
-1.077409	2.236215	-0.21671
1.928977	1.685573	0.152934
-1.637281	0.884102	0.541111
0.536502	3.603391	-0.383947
-0.342596	2.089011	0.62699
2.952228	0.023649	0.612159
2.788094	0.006106	0.369161
-0.521111	2.683092	0.421142
2.055932	1.640876	0.391462
-1.16151	2.646916	0.207921
2.283599	1.43545	0.295575
1.236597	0.831193	1.723214
-1.117716	3.116481	-0.805403
-0.612335	2.595855	1.028475
-0.173445	1.591963	0.897917
2.73307	0.09275	0.514008
-1.152913	2.600109	1.093345
1.671171	1.734596	0.986275
1.667355	1.794548	0.087094
-0.263992	1.920492	0.735403
3.058452	-0.053638	0.717449
2.779943	0.017713	0.562371
2.71096	0.045715	0.714668
1.510517	1.862724	0.203204
-0.900289	2.954628	-0.583514
-0.999976	3.121353	-0.857025
-0.622068	2.686772	0.380098
-1.28203	1.032111	-0.17479
-0.842974	0.768089	-0.495157
2.741849	-0.035513	0.731037
1.971123	1.413671	-0.266457
0.346925	1.693974	0.497852
0.343903	3.437404	-0.165184
2.936792	-0.029877	0.775755
1.7444	1.813172	0.393431
1.453658	1.894368	0.449504
1.241936	1.865458	0.173585
0.156374	3.374457	-0.185817
-1.313445	2.573441	0.167708
-1.188043	2.401945	1.41726
2.292678	1.411896	0.715752
0.938899	1.819664	0.16208
-0.832493	1.417854	-0.255232
0.566904	3.434458	-0.649316
-0.844288	3.096875	-1.864251
-1.567754	0.710381	0.904634
-1.316282	1.065436	1.08587
-1.696172	1.578065	1.505156
-0.716958	-0.889839	1.400014
-0.830183	-0.997334	1.32155
-1.084093	0.748086	1.394302
-1.663358	1.869479	1.368364
-0.002099	-0.974521	1.420743
0.388047	-0.992694	1.793583
-1.068571	0.091818	1.263739
-1.014676	-0.995664	0.305512
-0.869318	-0.981347	0.448749
0.120185	-0.931449	1.546806
-1.323493	2.167351	1.594221
-0.917806	0.418332	1.481213
0.926486	0.975906	1.477371
-1.61492	2.137763	1.307315
0.112234	-0.799697	1.366005
0.191208	-0.980697	1.68089
0.587441	0.135397	1.841476
-1.213896	1.745232	-0.179418
-0.470436	-0.883018	0.600184
-1.600977	2.367742	1.055215
0.361151	0.587161	1.538743
-1.17859	2.486588	-0.581629
-1.462031	2.355225	1.296104
-1.314308	0.283912	1.166746
-0.238417	3.062985	0.123939
-0.396863	-0.762474	0.554049
0.06569	-0.739216	1.320608
0.477427	0.559552	1.743417
-1.727904	1.436152	1.404111
-1.29757	3.00976	-1.046223
-0.532873	-0.60933	0.362053
0.3074	-0.635354	1.267983
-1.591942	1.742448	1.562169
-1.53603	2.195843	1.391611
0.432275	0.218582	1.769909
-0.494411	2.82348	0.264096
-0.447944	-0.530785	0.726366
0.416948	-0.584698	1.331922
0.692621	-0.548811	1.691477
-1.49276	1.929058	1.636695
-0.461356	-0.430948	0.958287
-0.39253	-0.46893	1.101712
-0.526994	-0.485824	0.703607
-1.201947	3.034995	-0.734732
-1.531759	1.429348	1.62032
0.416677	0.778868	-0.719135
-1.220417	2.671603	-0.169531
0.644454	-0.3199	1.70884
-0.610793	-0.832503	1.408705
-1.495143	0.457575	0.961265
0.316044	0.101111	1.426238
0.67187	0.851899	1.496481
0.523149	0.76668	1.531353
-1.485678	1.632934	1.65811
-0.14047	-0.134224	1.408618
0.401941	-0.294849	1.345128
-1.4187	0.241145	0.99937
-1.432358	1.749513	1.730162
0.662087	0.726347	1.737338
-1.25123	0.473886	1.293902
-1.197348	2.630759	0.079252
-1.636441	0.560787	0.720851
0.456724	0.335011	1.820699
-1.341801	1.373854	1.62424
-1.148847	0.717693	-0.395458
-0.685655	2.670667	0.171475
-1.071224	0.546551	1.408095
-0.234564	0.738717	-0.633821
-1.476756	0.908855	0.978292
0.342194	-0.066767	1.363926
-1.137982	0.986257	1.261204
-0.442163	1.063784	-0.552639
-1.368323	0.759553	1.142838
0.524433	-0.034021	1.709463
-1.729125	1.383498	0.41035
-1.036075	3.139267	-1.571674
-1.247668	3.378809	-1.524713
-1.745309	1.664109	0.379387
-0.535915	2.836834	0.163443
-0.854961	-0.9778	-0.065115
-1.420647	2.239295	0.114367
-0.683404	-0.985666	0.829892
-0.786858	-0.949531	0.974735
-1.143587	2.632841	-0.744452
-0.419679	2.899572	-0.010758
-0.149022	-0.980357	-0.615047
-0.993352	-0.97436	0.139179
-0.840966	-0.963034	1.10368
-0.425984	-0.87006	0.673923
-1.764254	1.578364	1.339117
-0.652573	-0.779366	0.273795
-0.761679	-0.863069	1.205726
-1.099326	3.281303	-1.62239
-0.626563	-0.851031	-0.049461
-0.673903	-0.785072	0.155562
-1.234566	2.336314	-0.087991
-0.580239	-0.715785	0.019101
-0.495821	-0.747715	1.079953
-0.598127	-0.781694	0.360641
-0.442309	-0.680886	0.885233
-1.287208	2.918984	-0.868881
-1.32757	-0.063379	0.436741
0.182499	-0.761928	-0.530643
0.247516	-0.679994	-0.457679
-1.60694	0.652357	0.309954
-0.437687	-0.557216	0.83831
-1.283423	3.263745	-1.398788
-0.984916	3.394209	-1.796708
-1.528169	2.105113	0.162709
-0.596725	-0.652958	0.168613
-1.153197	3.401349	-1.644509
0.232295	-0.571555	-0.360436
-0.574979	-0.514773	0.360633
0.413086	-0.655546	-0.788953
-0.609527	-0.486095	0.138226
-0.649568	-0.4707	0.312415
-1.008005	2.944365	-1.521146
-0.900096	3.059131	-1.803751
0.453025	3.53877	-0.459143
0.326035	-0.559418	-0.694407
-0.576074	-0.415627	-0.050635
-1.261251	3.108254	-1.272919
0.350281	-0.440455	-0.822345
0.276608	0.690936	-0.705635
-1.648342	2.081763	0.518201
2.21035	1.002443	-0.393896
-1.14701	2.831415	-0.998866
-1.270261	2.901363	-0.693898
-1.1446	2.981974	-1.234755
-1.268486	2.521123	0.024398
-1.090807	2.939513	-1.277906
0.164053	-0.128397	-0.536279
0.174371	-0.443736	-0.323028
-1.020675	2.611292	-1.474912
-0.843973	3.296564	-1.893187
-0.943972	3.187615	-1.748859
-1.127891	-0.114603	-0.015427
-1.212582	2.868653	-0.434803
-1.302943	3.123026	-1.193578
0.278386	-0.15723	-0.856708
0.899336	1.514894	-0.358369
-1.190468	2.404585	-0.269241
0.424973	-0.248299	-0.990922
0.286168	0.09266	-1.037807
-0.268323	3.072433	-0.062107
-0.761565	3.146903	-1.910684
0.664093	3.645319	-0.647406
0.388705	1.452408	-0.342453
0.12757	0.048188	-0.605284
-0.455748	1.231327	-0.508051
1.778525	1.624509	-0.132556
-1.223546	0.022209	-0.135035
-1.40497	0.075405	0.613551
-1.680644	2.263906	0.934307
2.378014	0.964095	-0.278824
1.81313	0.536723	-0.790435
-1.713332	2.233677	0.643874
-1.44083	0.197974	0.801378
-1.639377	2.397284	0.424999
-1.680771	2.47173	0.535496
0.164841	0.109926	-0.800887
-1.412125	0.063259	0.205541
-1.135163	2.504972	-0.978772
-1.511386	0.212727	0.345733
-1.241973	2.681756	-0.309324
-1.21769	0.393602	-0.35696
-1.552616	0.339938	0.310586
-1.15257	2.707535	-0.761619
0.20989	0.276794	-0.921525
-1.549805	0.359689	0.683663
-1.475244	0.395261	-0.025346
-1.084226	2.516539	-1.246801
-1.185614	2.608642	-0.554377
0.162857	0.418749	-0.745308
-1.641874	0.550344	0.483672
-1.527349	0.54121	0.083386
-1.588151	0.457007	0.21096
-1.292055	2.382478	-0.020508
-1.235375	2.537781	-0.136452
-1.071947	2.753808	-1.193926
-1.694306	2.432474	0.801029
0.407567	0.502791	-1.073718
0.242252	0.542915	-0.75795
-1.79833	1.579783	0.822466
-1.255803	0.677795	-0.31909
-1.640683	2.195149	1.091339
-1.271573	2.786461	-0.606139
2.084171	0.799146	-0.557789
0.127111	1.319162	-0.468237
1.465308	1.556106	-0.355451
0.816582	1.277706	-0.521286
2.101245	1.269834	-0.276901
1.899955	0.874363	-0.62992
-0.239341	1.183373	-0.516083
0.171759	3.242434	-0.399505
0.410851	3.260353	-0.556273
0.35426	1.230863	-0.513498
0.765272	1.075351	-0.637588
2.286353	1.264856	-0.123781
-0.337691	2.842766	-0.128621
-0.791999	2.586119	0.095829
0.382278	1.010956	-0.675057
0.385973	-0.964092	-0.859378
-0.003115	-0.869789	-0.658225
1.242828	0.868205	-0.696729
-0.808857	2.542901	-0.018206
0.560002	0.69342	-0.969208
-0.694019	2.58214	0.085237
1.204537	0.922559	-0.666932
1.659858	0.792132	-0.69227
1.456288	0.876564	-0.635584
1.634316	1.530931	-0.355441
-0.416458	1.48104	-0.36994
1.975503	1.096999	-0.435852
0.527851	1.404128	-0.396109
1.148553	0.764802	-0.927119
1.566721	1.01796	-0.583954
2.011647	1.546691	-0.048184
0.750337	1.625208	-0.140557
-0.704928	2.378769	-0.01238
-0.122412	-0.849504	-0.357964
0.027923	-0.98266	-0.817199
0.878317	0.622319	-1.084305
0.43544	1.599478	-0.123586
-0.071158	1.592857	-0.291844
1.184192	1.257412	-0.573879
-0.616641	-0.966999	-0.17104
1.634022	1.263121	-0.511141
2.694728	0.00917	0.154078
2.760739	-0.086028	0.179503
0.650363	1.341708	-0.493967
1.000584	0.878546	-0.711228
1.633059	0.737874	-0.75134
2.916875	-0.440584	-0.053603
-0.774939	2.214295	-0.138296
-0.335684	1.958615	0.139464
-0.191838	1.856215	0.427042
0.080317	1.444627	-0.348292
2.732618	0.060988	0.306563
2.702656	-0.118544	0.139065
-0.364832	1.828677	-0.004289
1.350999	1.842902	0.085073
0.830934	0.831011	-0.761487
1.235717	1.686233	-0.176358
2.602144	-0.23074	0.001923
0.204393	1.589312	-0.141616
0.782103	0.867186	-0.709133
1.909492	0.660429	-0.67999
-0.460514	1.75131	-0.096142
-0.525081	1.965786	-0.069512
-0.25252	1.493638	-0.38335
2.382242	0.475925	-0.487643
0.453219	1.709989	0.239355
-0.623961	1.545662	-0.233307
0.529029	1.130147	-0.633457
1.318952	1.418824	-0.493102
-0.234244	1.816771	0.140267
0.603869	0.592125	-1.09524
0.725916	1.68177	-0.057483
2.982518	-0.079813	0.185402
-0.328662	1.769339	-0.050393
0.048148	1.686348	-0.112273
1.441371	1.742442	-0.121163
2.857269	-0.321249	-0.027696
3.071457	-0.141352	0.180188
1.317386	0.717171	-0.942492
0.250188	1.638144	-0.006984
1.036445	1.721663	-0.174442
-1.525215	1.553356	-0.005194
1.688382	-0.956798	-0.697349
0.636648	-0.966171	-0.830396
1.791093	0.944296	-0.63002
1.854058	-0.9856	-0.60366
1.469245	-0.946099	-0.717379
1.13806	-0.958098	-0.762284
0.973932	-0.971422	-0.774453
0.665508	-0.864992	-0.84715
-0.888045	1.485835	-0.216223
-1.025283	1.781779	-0.221362
2.495021	-0.969195	-0.015138
0.6684	3.267597	-0.695049
-0.11289	2.899722	-0.283719
1.044451	-0.835613	-0.881037
0.546485	-0.823698	-0.826113
-0.492377	-0.767382	-0.117296
-0.438944	0.851677	-0.63821
2.429124	-0.855982	-0.11296
1.663272	-0.840843	-0.745944
1.380739	-0.75223	-0.869893
0.429226	-0.825737	-0.797211
-0.324019	-0.967436	-0.278189
2.758451	-0.791119	-0.033131
2.34703	-0.78728	-0.135679
0.284619	-0.77951	-0.705183
0.038674	1.185191	-0.550744
-0.230229	-0.937973	-0.292614
-1.360963	1.98057	-0.048526
0.91742	-0.64756	-0.987295
0.330032	-0.702947	-0.695958
-0.088938	-0.753354	-0.29392
2.125307	-0.716262	-0.545479
2.012228	-0.652387	-0.667023
1.723207	-0.693614	-0.798836
-0.135008	-0.648545	-0.287038
2.862739	-0.593864	-0.064841
1.409521	1.304314	-0.562448
1.540416	-0.595571	-0.895864
0.154517	-0.691599	-0.271093
-0.331909	-0.693369	-0.213953
2.459085	-0.590586	-0.135037
1.90012	-0.590696	-0.793453
-0.505874	-0.550938	-0.121404
0.89409	1.067961	-0.662977
-0.200472	-0.401455	-0.330621
2.615987	-0.368705	-0.035313
1.697535	-0.389844	-0.862917
1.358658	-0.551514	-0.921309
1.065169	-0.345099	-1.05753
0.776306	-0.5369	-1.031819
0.119836	-0.580144	-0.261639
2.741181	-0.518195	-0.115225
0.930521	-0.318353	-1.07466
-0.033063	0.896298	-0.617084
1.930554	-0.336322	-0.776477
0.725886	-0.219312	-1.145819
0.496551	-0.431489	-0.973104
0.049305	-0.423206	-0.303163
-0.494684	2.213405	0.034433
-0.701193	1.627571	-0.203366
-0.483223	-0.350647	-0.210559
1.909958	-0.140812	-0.830143
1.457208	-0.259282	-0.961849
1.282253	-0.329489	-1.017022
0.744139	-0.425123	-1.081679
0.472638	2.928153	-0.45438
-0.611618	2.105939	-0.090813
0.926363	-0.156019	-1.096825
0.090423	-0.25684	-0.38915
-0.864732	-0.336713	0.003068
0.875458	3.381422	-0.876129
1.441868	-0.13947	-0.980231
-0.341683	-0.140309	-0.38322
-0.47158	-0.204999	-0.299941
0.256196	3.012489	-0.457172
-0.860832	2.848333	-1.795437
1.734695	-0.123593	-0.906255
-1.289965	2.050981	-0.0867
1.579111	-0.018313	-0.960219
1.184332	0.099437	-1.092352
0.529338	0.085798	-1.1804
0.08387	0.011083	-0.523725
-0.518318	2.368021	0.014437
0.751807	3.498622	-0.811206
0.494041	-0.056933	-1.140765
-0.001698	-0.050465	-0.475159
-0.725639	1.939322	-0.167374
2.092952	-0.016431	-0.705031
1.478804	0.071523	-1.02762
1.033236	0.144301	-1.138062
-0.149747	-0.065658	-0.488966
-0.227987	0.20605	-0.55613
0.822807	0.075602	-1.165402
2.000257	0.331531	-0.741547
-0.585993	0.060916	-0.52206
-1.205944	1.492354	-0.160478
0.857521	3.248328	-0.82886
-1.014394	0.107082	-0.397704
-0.033595	2.809508	-0.310323
0.591082	0.818746	-0.719899
-0.130924	3.057425	-0.243128
-1.502904	1.740373	-0.030865
-0.561518	2.515025	0.016695
1.675781	0.109306	-0.911053
1.045104	1.204988	-0.638597
-0.94906	2.766057	-1.680239
0.053031	0.140411	-0.540648
0.622337	3.101339	-0.589192
2.265969	0.168796	-0.557518
0.166074	1.076252	-0.58756
1.298806	0.229502	-1.061029
-0.226268	0.989486	-0.607599
-0.833405	0.058482	-0.470516
1.444726	0.552921	-0.981985
-0.533418	0.27023	-0.615255
-0.773754	0.984255	-0.504698
1.141858	0.359852	-1.12776
0.747306	0.38815	-1.194595
0.108111	0.257939	-0.654881
-0.044099	0.33376	-0.604505
-1.076483	0.351192	-0.458983
-1.115547	2.197105	-0.164255
-0.541081	2.612843	0.007531
1.261538	0.588955	-1.021349
0.959865	0.381841	-1.151974
0.552534	0.343775	-1.173978
0.095857	0.498629	-0.708576
-0.736847	0.316457	-0.557631
0.803123	3.569937	-0.810255
-1.080126	1.362793	-0.180525
-0.912851	0.330371	-0.519018
-0.410985	2.492943	-0.037868
2.141864	0.565233	-0.612785
-1.035162	2.06532	-0.180633
-0.162882	0.546329	-0.643555
-1.742887	1.42611	0.843353
-1.293124	1.150481	1.222768
2.745288	-0.980586	0.607916
2.613732	-0.989142	0.819776
2.956107	-0.826123	0.663096
2.434273	-0.974683	0.977915
2.781674	-0.914869	0.789233
2.295692	-0.946994	1.005231
-1.140976	0.076333	1.184053
2.167554	-0.977168	1.067532
-1.563173	1.323754	1.538124
-1.68825	1.423575	0.960267
-1.709238	1.348296	1.250217
-0.651725	-0.411792	0.049845
-1.325815	-0.064959	0.580817
-1.033317	-0.232924	0.833537
-1.177833	-0.061682	0.995228
-1.158558	1.302861	1.675942
-1.269645	1.206803	1.498955
-0.261205	-0.012571	1.411546
-1.519483	1.244733	0.862476
-1.206016	1.44554	1.75335
-1.020334	-0.355134	0.354738
-0.543985	-0.216948	1.217966
-1.384146	1.196109	1.071149
-0.336608	0.071063	1.444234
-1.309992	0.075012	0.94303
-1.422924	1.164152	0.954025
-1.581631	1.305641	0.996524
-0.910347	-0.411099	0.53662
-0.916729	-0.087942	1.204936
-0.419483	-0.22477	1.222972
-1.518711	0.218643	0.620352
-0.868973	0.29847	1.46777
-0.813958	-0.238198	1.072474
-1.560102	1.245924	1.389533
-1.145318	-0.198693	0.174656
-1.044042	-0.320054	0.643692
-1.043656	1.265979	1.632203
-1.578407	1.240786	1.273395
-0.815178	2.278167	-0.237176
-0.904893	2.169205	-0.19597
0.776874	2.926357	-0.499376
-0.877062	2.29005	-0.37191
0.939036	3.054517	-0.631542
0.874665	2.965212	-0.55132
-0.136689	2.434263	-0.042003
0.906616	3.122886	-0.750417
-0.821005	2.146151	-0.165948
0.745306	2.828797	-0.315525
0.105323	2.752954	-0.325778
0.934831	3.290815	-0.848586
0.179876	2.653729	-0.240938
-0.85017	2.705734	-1.62742
-0.724394	3.054599	-1.848735
-0.090582	2.418661	0.090885
-0.785193	2.42106	-0.487122
-0.952615	2.515016	-1.351823
-0.775486	2.936637	-1.846075
0.259974	2.598717	-0.067176
-1.111378	2.338492	-0.456298
-0.799932	2.497888	-0.872734
-0.805189	2.643029	-1.177094
-0.930287	2.340293	-0.637743
0.627608	2.806654	-0.337317
-0.366253	2.28804	0.100172
0.059511	2.503796	-0.034599
-0.349775	2.388381	-0.001397
0.558358	2.738579	-0.218886
-0.863026	2.385358	-0.698457
-0.981866	2.59379	-1.512782
-0.95059	2.476138	-1.188587
-1.032837	2.526068	-1.362601
-0.390315	-0.580296	0.558717
2.658679	-0.983908	0.144834
2.839831	-0.908278	0.258435
2.766103	-0.982146	0.466431
-1.014831	2.374588	-0.775244
-0.988425	2.246495	-0.300296
0.88833	0.902029	1.523282
-1.087285	2.383064	-0.667631
-1.229788	3.186363	-1.128413
-0.90095	-0.900193	0.313036
0.267454	-0.786985	1.520543
-0.525043	-0.357825	0.979874
-0.018555	-0.807098	-0.386871
-1.050277	2.452593	-1.186701
-0.611159	-0.295502	-0.151799
-0.70216	-0.099787	-0.383428
-0.78525	-0.32837	-0.053133
2.444023	-0.492655	1.104523
0.014453	2.683	0.213665
0.961567	3.185811	-0.728589
-1.620226	0.852025	0.348587
-0.337982	1.883739	0.985496
0.355354	0.353021	-1.102914
2.214454	-0.839244	-0.144669
-1.708367	1.78237	1.105375
-0.485246	-0.807574	0.886104
-1.637962	1.953221	0.235368
-0.838518	-0.160847	-0.229258
-0.946966	2.642672	0.177842
-0.364742	-0.700325	0.640318
-0.89767	2.624881	-1.556075
-0.52557	0.25502	1.504108
1.677865	0.061335	1.806459
0.888317	3.02774	-0.482344
1.920408	0.294303	1.696772
1.831906	-0.316406	1.646754
-1.341123	0.08546	-0.001769
0.135514	-0.932391	-0.849355
2.611745	-0.685982	-0.146844
1.674422	1.822486	0.717112
-1.719794	1.881083	0.446841
0.036545	0.361677	1.479449
1.078642	1.661233	1.144801
-0.750739	1.731148	1.428965
0.704028	-0.272749	1.777195
0.493685	3.128372	-0.329994
-1.276976	3.083647	-0.990155
-0.426467	-0.678911	1.078143
-1.122861	2.443282	-0.911372
-0.873898	-0.362359	0.758716
-1.735986	1.342003	0.620319
1.085629	1.799458	0.94251
-0.557148	-0.982195	0.677013
-1.468318	2.474417	0.231358
3.115433	-0.259988	0.180087
1.202471	-0.956964	1.568183
-0.24706	1.409474	1.090844
0.476471	-0.683833	1.477972
3.158167	-0.132891	0.388356
-1.403163	0.358048	-0.104413
1024	2
0.029100354335621345	-0.024814201536684257
0.028851250775699094	-0.025601972329860105
0.03069541122790513	-0.03387483870354287
0.5	0.07499999999999998
0.5	0.15
0.0069765641433323705	0.10692314945340811
0.4125	0.15
0.15	0.325
0.03198635595328844	0.07339194084940293
0.160308293860267	0.24512037272346082
0.11900953830652128	0.3875103091252061
0.040241046357470577	-0.024430062543078584
0.029658472639146005	-0.02544225498458337
0.15111171462882317	0.316429969824243
0.14067559100852003	0.32488809573338634
0.07999448223377555	0.40224572917497836
0.10600100513507418	0.4474390095750462
-0.11169256620868462	-0.1018201638066252
0.3551554304627928	0.03643138383968785
0.2768152094083263	0.032423563952957916
0.309699629317297	0.10095980148007373
0.1545746882753288	0.2746413806643676
-0.1492210181731119	0.3204848682917363
-0.1608258126478788	0.28302044484040856
0.14876999220254059	0.26061774680767447
0.05529275646803786	0.35093917250141804
0.03885551636264706	0.3997157224339949
-0.1702258181922027	0.25957971747640685
0.030815071573869257	-0.03277980272200431
0.06127171112709806	0.3153190323207754
-0.0114829447697458	0.1291643889893307
0.08580807713037286	0.3278701614142055
-0.1483524720646061	0.29225356809191966
-0.07646328466027343	0.09517497173787696
0.22787528880418895	0.07445787277355957
0.043886848372486575	0.3187491835837098
0.04264379226302177	-0.024765501605304423
0.03687550788481046	-0.023507567057399627
0.22562989324171379	0.12129539166977882
0.033411191346943855	-0.02432304237870377
0.1978064563940484	0.16388462161039463
0.07058504886958673	0.2889199101886121
-0.010700402303705309	0.1091715116532914
-0.16357668960415353	0.26628849102464325
0.050785824795006276	0.2901167339159316
0.0301440458904436	0.2956357730995791
-0.021814357969993124	0.10503205554951281
0.0011375441518005685	-0.044012042370708444
-0.1558697395027404	0.23651770195560948
-0.1670995834865594	0.24066263346662634
0.18676878383673323	-0.032182237703691954
0.20072923330016038	0.07990564393478097
0.1782999136778065	0.1418406921420751
-0.03722303503743344	0.15774184567813387
-0.025465867468520913	0.11846165591094307
0.02912422250596182	-0.025444320134705576
0.011832521911686565	-0.07254671812275844
0.20794064526553302	0.02136164934654224
0.021033434433344798	0.27187789293068754
-0.12868995372889336	0.08309229398524307
-0.037118866051822144	0.08569409028823098
0.06114424102577207	0.25876581468252574
0.03768305348465065	0.2633106896203879
-0.16668212881929861	0.21349428366256948
-0.17106038147556288	0.22237199403254343
0.18924762757966834	0.09969736770274272
0.046909903207656437	0.23618123784421996
0.1494314381391242	0.0598167216662647
0.03233503969239568	0.23982881887517693
0.021428885347935668	0.2507685559945943
0.03577620278123716	-0.038208699325199956
-0.12994150596159385	0.10657759938957286
0.010375976768367873	0.2616495134729635
0.04079835060372871	0.05404347955731708
0.02931441304192315	-0.02577643669314376
0.12513640654324817	-0.016814162398163284
0.14197966065172904	-0.003833013487606432
0.15478114023864223	0.08985977800735195
0.044310930183956446	-0.026063041102602293
0.02903739969654773	-0.026374857157831482
0.15235314027854255	0.12496050406361191
-0.021332068947795258	0.05570925349499643
0.048598627579085556	0.21360690372778524
0.03471223193598671	0.22003669224306274
0.013720217541755007	0.06387223367453784
-0.0036196102855537496	0.09194048239886425
0.03262750991145976	0.0004555066737818972
0.028840814912902128	-0.026176634533054823
0.14051536209525103	0.03783511383351426
0.06698622552804799	0.22153850791638122
0.02094112448574892	0.22884691867361961
0.12202043926313724	0.11029543362893615
0.0719985473762351	0.19347338097971592
0.0218301917627735	0.20707356172680078
0.0564642978421971	0.028695100574867276
0.11442111235780367	-0.0046541765363806754
0.030425584961414537	-0.033724200995696216
0.12020981904042063	0.05298399130912335
0.09454247158883337	0.1408274240130924
0.03004049423774684	-0.03438922499569914
0.04660917784313824	-0.02493384606304231
-0.023899870402578603	0.14004687388546538
-0.027888422340448107	-0.0020966766399676743
0.06516912562134827	0.177178395457576
0.046286558451699496	-0.06381371673467731
-0.07823142212630492	0.11525150157678575
0.03042664985580415	-0.03410268317987836
0.10317046440487651	-0.005907693439789034
0.09235715866169128	0.10671568822814569
0.018646471253865485	0.18341153866629317
0.09530339930455156	0.0023737108508305564
0.1235764005121369	0.025866748903986346
0.10640422659246157	0.08117882366090175
0.05672627233547646	0.19559536802448818
0.04115600036153461	-0.02507866621376819
0.011888072425242353	0.0849141868680363
0.10770328165590994	0.010382077082525391
0.049946603019881644	0.17309230745469678
0.03765850488826017	0.19468271261077408
0.10299758158299176	0.032720213944347924
0.009887103060483847	0.1991871273597025
0.031372515594299245	-0.024229126545361888
-0.09010200916106746	0.1250391365732543
0.05093973453930186	-0.07276100741534416
0.09263881468246521	-0.009163390937313285
0.033149136330751824	0.1699626164322918
-0.0005227369523938057	0.18506916749617836
0.029905619757356457	-0.024367094988723612
0.04708060364594671	-0.022271699184735153
0.08529421822854123	0.0836075116443569
0.07078029189549594	0.10025385964201619
0.028980941936724635	-0.02599716378986197
-0.03305315744579026	0.05558215040635491
0.08429995299167849	-0.012480439581966226
0.08833269622628422	0.017671940023429977
0.08797431170622179	0.05464336750033277
-0.020445364284998643	0.17773952508650528
-0.03137357384625462	0.10211075927390934
-0.04561918111901531	0.046658872527282895
0.0074175386254215344	0.16605595440071255
0.039865282214608236	0.03447134249347639
0.030189762504953196	-0.0332882803841114
0.07422210453269562	-0.01064521373017619
0.08467173955322195	-0.0011143784747002696
0.09018898035697706	0.03477315884668974
0.08145133191241047	0.03405711391864824
-0.03480693796459426	0.17906244558874967
0.06661865994534316	0.05665307325785517
0.011803869122421548	0.14881891524153645
-0.00713475908062735	0.16434096059931882
-0.1270558070700732	0.1349936904167159
0.06895510228683555	0.07524581919038804
-0.015195921258840875	0.0032244795762974288
0.07111178586255433	0.0226265014921047
0.06964888541001485	0.040570601730684
0.05082105681312987	0.09025997887019215
0.0010509934521006356	0.13804360374248054
0.0006068263475020053	0.15284551376335573
-0.03962736606689269	0.11312825213986837
-0.15465459110595717	0.08398255892614748
0.05977603457407302	-0.024588617658065408
0.06376774135031932	-0.015465877549986136
0.07323346958165677	0.005557122526993541
0.02880960462977855	0.10504804617232687
-0.010103510381806331	0.14696813483273027
0.052242075132281324	0.0660571242275752
-0.019761307837488876	0.15736746801643076
-0.10879720235318185	0.11968649519544451
0.02876356749225557	-0.026720636230108948
0.05793154745585403	-0.0176175264248516
0.029050779158006412	-0.02579872735446445
0.06352245711242185	-0.004403244326702139
0.057540034202762644	0.00920713017800517
0.05427292519136224	0.04674845364029583
0.00022098848603571252	0.12229455391107345
0.035831275086296036	-0.027329268201502437
0.	0.5
-0.014759494362071022	-0.11970581576077782
0.02852787607973125	-0.025763826305555994
0.15	0.4125
0.07499999999999998	0.5
-0.03936255692047625	0.13057774988522355
-0.027693587939109372	0.4349688154348729
-0.18262576373395406	0.23011044124359611
0.02810636133540994	-0.025504966417282563
0.028441070293881945	-0.025953845859791724
-0.16027972462204712	0.2857287025688479
0.0337846315219785	-0.01874212469443401
0.028321588323680546	-0.025889367846184123
0.01752768306583754	0.4437633509044697
-0.10487634074397181	0.4322518347799153
0.04525242765402429	-0.01617849381342052
0.028770065085374944	-0.025232327909497546
0.028760135693102228	-0.02611621285008494
-0.06954322689428641	0.40985955123976986
-0.05026660194027183	0.1808177016224624
0.04622565154297416	-0.0194591128827634
0.028477289313619866	-0.02529270905569117
-0.04062247071185742	0.37205777381151756
0.40377076894408026	0.09613820529477837
0.028606473482939248	-0.026081217208024594
0.0284197142416174	-0.024739284841929863
0.0014764869056500401	0.3841322166534802
-0.09915744382360338	0.3613697230038323
-0.1306810330019693	0.3900298996559741
-0.18382110035298	0.23275050770453834
0.028357588696898577	-0.026038558095100542
0.020757302283381397	0.3751943817227732
0.02854407829186834	-0.02612061867781347
0.028740005813119314	-0.025973350772166014
0.047204617138905856	-0.0051298751906930715
-0.06990951814717651	0.35850916040848135
0.028652461131772028	-0.026149026443940484
0.028164977285567643	-0.026090439652797167
0.03943485605736414	-0.020457001445159377
-0.17928692670585866	0.23288824713457132
0.02814087983842208	-0.025857702937387858
0.04404958204879918	0.0049570305959959916
-0.07186593849479155	0.13819640863808583
-0.08258840941310912	0.32587212104067437
-0.14978078521003063	0.2686679411909386
0.03578256031550224	-0.015152707774489923
-0.10567218329358219	0.29949252204165083
-0.13295483133099598	0.2627122807464728
0.027824427668901253	-0.023905346256543163
0.021939903581847078	0.3417352060808447
0.0282546606364915	-0.026002277461979112
0.028598388464229445	-0.026160685419740287
-0.07172202303063357	0.16749315598653855
0.0284807082908031	-0.025610437290684022
0.005535210675326205	0.288024932465913
-0.18302297842101023	0.21724142546145184
0.030005823251604228	-0.022495324178907188
0.04953318186130893	-0.020482395226715754
-0.05763603989302625	0.3233866329466125
-0.08056686190815722	0.28660256680279467
-0.08832195811369786	0.18946501356961146
0.04303429780018133	-0.009670055534942512
0.0351719001926751	-0.022009148481697147
-0.06683072703693743	0.19097661745597977
0.028647559339730178	-0.02550147955811433
-0.02199561780565044	0.26530719191253604
0.028318419592997322	-0.025461272187742363
0.05148648292805963	-0.01159527431967393
0.028300469693957452	-0.025686795628875204
-0.051700040874661186	0.2757879094303183
0.02838081540607788	-0.026147367533627088
0.02843486078243175	-0.02579702709397031
-0.10793415801449922	0.2468254687957706
-0.06001815427309368	0.2404258966274699
0.036836958139237944	-0.019113858963658116
0.038899822224345786	-0.02352777682055637
-0.116424337269054	0.1663143299089609
0.04267285490793016	-0.01892941804989311
0.028626618221644917	-0.02596562593205909
-0.16581219392341642	0.06741186875193346
0.03940399184822101	-0.016599100832474095
-0.05743743484040445	0.1145268892342723
-0.011731902050516827	0.2383142776483169
-0.07787033996006527	0.24825074656174095
0.02885639533196728	-0.025865027817539934
0.02983830570538784	-0.0342528744384687
0.0062046832231061125	0.23909750239473046
-0.043384333979439436	0.245052064975185
-0.147640726693995	0.21119707863450643
0.03188959835302602	-0.05553899359763658
0.050877208078611874	0.001342448445890498
0.04633449390576975	-0.012153948141882304
-0.073865189876703	0.21930164436774308
-0.15272035370400597	0.15940967636608128
0.05765679408311713	-0.011408135585303125
0.051575628629617676	-0.01696845688442118
0.028658483233153922	-0.0257699512048388
-0.1429132597455849	0.09301298351814485
0.028724031784271437	-0.023659926360665575
0.00913571495229587	0.21627638080735268
0.020654545008482125	-0.08290606583850167
0.03993565628693944	-0.0051248355804931435
-0.09313763481327739	0.22056099334634938
0.02783656738354985	-0.025753544975262596
-0.05671987324203156	0.1567620188775758
0.03744380889968669	-0.02172307055369413
0.04840131108695906	-0.016139613544812845
-0.004394687104215307	0.2193481865873745
0.05471459892397982	-0.0036644917997461
-0.18772662746072977	0.06615258282648495
-0.14636557203935652	0.06863056119062975
0.03013302174438315	-0.03444716632606478
-0.15812440377653217	0.10923286588471992
0.03906889484280327	-0.011731242313893112
-0.029936990269192453	0.23000220910323796
-0.012376022526779697	0.20064407825882888
0.041351700324763256	-0.022848783450680442
0.02868149132374717	-0.02607428537442509
0.028535803464373594	-0.026017061400169177
0.00034587428587818135	0.20410498810188743
-0.05327086667459942	0.21373711780236238
-0.07057218542548442	0.2033700982989242
0.04441353010167583	-0.02275305747700302
-0.15843378856587967	0.05381641028256427
-0.03129275059567311	0.19995070996789682
0.054517936728068185	-0.01570239909085886
-0.00025168836322364064	-0.10364176924995701
0.0231188876401319	-0.016944645790524442
-0.053494836324279274	-0.11772018640023693
-0.1268825578505276	-0.0665427810509619
0.021206265430168514	-0.02801793965269837
-0.07499999999999998	0.5
0.02996718745452029	-0.03424055666616302
-0.5	0.15
-0.2484561270711393	0.16599566214064934
-0.08795779140271422	-0.004781952733549786
-0.5	0.07499999999999998
-0.12653332574725204	0.011437619274059455
-0.5	0.
-0.418077310205097	-0.038956901106123744
0.0298634176486325	-0.03437964861384397
0.030013281847683	-0.03438365618650496
-0.23032163227956987	0.1799429743498313
-0.28706199472190885	0.15757055150863442
-0.4219827736091959	0.05848815036101294
0.02993257022588233	-0.03437899468388896
-0.46078454360981735	0.03707777248411042
0.027088251450527966	-0.021638306361205353
-0.25755717218694996	0.16773729389237668
-0.2886932961041147	0.1565600876523797
0.02963642545359902	-0.03411896549189424
-0.20829712221712085	0.20013797133241568
-0.23350630713249443	0.18101234470298205
-0.3556333715448035	0.03757174017181012
0.031971849561285404	-0.015099542129272154
-0.17155627299590523	0.08342747480641563
0.02961185444094672	-0.033241649395685184
0.037225940218386475	-0.04893653934024476
-0.0044725552257142785	-0.03091165245733689
-0.3113711879760456	-0.0016919777938061435
0.029819527070772654	-0.033719789680939374
-0.364165031761323	0.08472221439609924
-0.09632703935607137	0.14874117575551593
-0.26860457658670417	0.16065570658150596
-0.3164092017961927	0.09725544126151442
0.028796439397942863	-0.03327867175662184
0.030560151947360118	-0.01923802551797377
-0.22509933756611272	0.18481975362963265
0.029413344961805855	-0.03372418797324711
-0.2462562714127186	0.1724237303106541
-0.310380503850725	0.07223375005800574
0.04035061664091276	-0.03763589682895451
0.04199502116665327	-0.04006668958176492
0.027814562172336695	-0.02505903022824846
-0.1989142816645901	0.20749817801559672
0.029971876142456576	-0.03433260627333496
-0.2137232863437631	0.1885657663436533
-0.2899242967747333	0.03967022906416754
-0.2623385672149172	0.012585475222065797
0.027075578695752753	-0.02443018349066655
0.03522721848294959	-0.04600424664721985
-0.2430808181408189	0.04216299577583615
0.042015105934509786	-0.03559433065500649
0.03238436897581018	-0.02183946529951296
-0.21954811448756195	0.09344060197701191
-0.25674133192109	0.07515939095109361
0.048426660440464904	-0.037412975252492084
0.02543863563706846	-0.02567980153746006
0.04028334247017112	-0.05617305311646632
0.05306116354540132	-0.05739736025808317
0.029993735406550488	-0.03436869708746171
-0.14315584415494798	0.08217959940504128
-0.21713598264036968	0.06779001435023262
0.042422567182373715	-0.07545041210218946
0.02292073950670712	-0.022778113673596525
0.02888551759968229	-0.026288613473019067
-0.11769652810142155	0.19896209343687998
-0.19468989091624603	0.12210144601188906
-0.19146354871289076	0.09035749764279236
0.029914671435375902	-0.03431693613513993
-0.005384763162168733	-0.01194156891482669
0.030003809359790592	-0.03429878399174757
0.03007089208892743	-0.034397426452077856
0.030020927500966695	-0.034343478690139276
0.007562562161191842	-0.006524648402416385
0.02917745135576251	-0.026107443361675406
0.030055246341218814	-0.03427849433735304
0.030068049171320558	-0.03435288795887352
-0.01209123421365	0.046024562365478555
0.035172510889990245	-0.03334170516613734
0.028556121576999525	-0.026184895089131174
0.03009809962698436	-0.034379226631722715
0.030664529148206922	-0.03346980319590775
0.018267560344506648	0.005668153246627309
-0.028119645706423342	0.03819838634760543
0.03719507385424186	-0.02921263915530394
0.043976234018990486	-0.04405166659024386
0.030122635232079236	-0.03432947664624911
-0.05252176770702744	0.13956098246265822
0.047164322738377555	-0.05374847457761315
0.05791904622130937	-0.0509884795101868
0.037395173527086684	-0.02546292900657304
-0.043343281513751185	0.0669123399660244
0.00038824911428125125	0.006122912451295426
0.06130177256109201	-0.043773888385345544
0.05223835179720433	-0.050270514468019514
0.031196815472892443	-0.033681893174183915
0.03872650935099237	-0.028395279190276766
0.03172446996608608	-0.03274504457947596
0.030498866411503255	-0.03535464968030463
0.03013191546556994	-0.03424033024685937
-0.1791832488426413	-0.021717095492585416
0.04919302814278742	-0.08299260005197727
0.03007220020428436	-0.03414394616143939
0.030176690484281624	-0.03436978655402361
0.026068050257991623	-0.008539196237073736
-0.11584930477548105	0.06957418072674734
0.03590803445189715	-0.03498756339727567
0.0388328623921807	-0.0303572171670168
0.03268181230570163	-0.02959458472279693
0.030234787698560528	0.15690008589649995
0.03087001423423938	-0.029097382198184724
0.03499001842087878	-0.030191643554905227
0.03391492691029941	-0.028032220000075547
0.005646242234287459	0.04319723541973702
0.02562511452710327	0.04954853657583503
0.0370488390075322	-0.0316693989699293
0.03411595944373633	-0.026257507420988726
-0.22070769554983724	0.16590193747920098
0.031955569294884266	-0.026788096100184438
-0.11406840909529754	0.0994472673371688
0.06522472467193073	-0.05070919781030739
0.024518842534197383	-0.06684423631988666
0.03624754141445139	-0.0660989783047877
0.028683842417065508	-0.026198144606386694
0.029914202993127904	-0.03406025532565757
0.030196418649201327	-0.03429109321169267
-0.21696946184205593	0.17822059361476916
0.007186057818170969	0.021602391296714932
0.021734238614951818	0.028314987460538947
-0.0065446974311465025	0.0683092686596779
-0.025530525705333873	-0.04910125069657848
-0.09537663360634314	-0.08613524669871293
0.029408760167869082	-0.03652474014676806
-0.10012169170136986	0.06784374167386624
0.06087146479199768	-0.0604962448897449
0.028703253599905228	-0.026160279040275434
0.028125986922954448	-0.01561339044451095
-0.19963783485208708	0.18103155796555215
-0.2121686767638963	0.15686709994745165
0.030572520939196497	-0.02556173632613938
-0.09173183697095727	0.08408149306740088
0.03308569089209009	-0.032161688668591065
-0.1076249399578311	0.08455984641514426
0.02110556106176134	0.16184963063759256
0.03029970516133277	-0.03428839295046544
0.03546683458025806	-0.024814910424477452
0.03381517455103435	0.015402265730843022
-0.18907538100171653	0.15426150059603852
0.037740938867571114	-0.02733302784819311
-0.044497397258807206	0.09996420639499339
-0.09315409905536856	0.04771941836423972
0.02994873068042971	-0.012220626631016224
-0.19914922004528535	0.19608357450291378
-0.18962999333933972	0.17276305652434204
-0.17105575480300927	0.17821440603893926
-0.07523798851038777	0.04863497494594689
0.03015157207020326	-0.033885399515040715
0.030213076901065967	-0.034158640877562645
0.030511910006269165	-0.026501287755586
0.03208433949524061	-0.07877345795786991
0.01694277058093117	-0.09862861307463884
-0.1762123192759893	0.1934407180737282
-0.11788922605841737	0.03565480076517782
-0.010106001217172342	0.024708667905375944
0.028856911075100362	-0.026049001454048242
-0.1826274771482056	0.20394392561645983
-0.07916082506032429	0.06950880380967757
-0.06048712903525132	0.058745985839726254
-0.06263175251936738	0.03639988275074002
0.028963172762786597	-0.026165618961581816
0.033506252770395255	-0.034157004324221585
0.03955666251923866	-0.026265023687309336
-0.09528844347498766	0.10332010170043936
-0.04608012049350839	0.024114489853246362
0.01519671182927055	-0.05816558742199497
0.02863601498023303	-0.026301693526209143
0.02999740216313767	-0.03444986568686926
0.07261241342184706	-0.04795596080676409
0.063254481351771	-0.0350554983227931
0.0476544744884457	-0.031221706126310138
0.47726984195349303	0.02114028672062447
0.5	0.
0.08056186079581698	-0.02247715113005371
0.04466271100008733	-0.03259749272244018
0.325	0.15
0.15	0.2375
0.10816039015909462	-0.03144898507364545
0.15	-0.2375
0.15	-0.15
0.2375	0.15
0.04198680034317874	-0.02708395978246815
0.09898208644627009	-0.018849481340667086
0.015260731908196669	0.1281701157168565
0.04270758550999046	-0.031062295360566226
0.24246348853818003	0.16308411429184755
0.15	0.15
0.08961059690242594	0.20061904154631183
0.029960964111049877	-0.04357906354888257
0.23245646677582998	-0.1563327914693547
0.040785816831578545	-0.031276421627775344
0.07510130440167827	0.12413107677957085
0.029989391985952428	-0.03529539303233369
0.040307009121729485	-0.02880848809356058
0.09750131018578895	-0.044471312249901966
0.029561139550738982	-0.026089437630290004
0.21651424387290047	-0.15055139587327543
0.2508504436772737	0.14693199430982726
0.06567368888127138	0.15129532887515654
0.04903890150112552	-0.0326481366190646
0.030220046319003147	-0.034506216236556926
0.17630004355516077	-0.1765193826123927
0.2045031945724026	0.18236803680686875
0.046004726393353186	-0.029950067583331557
0.041953403293207896	-0.029473027106517093
0.10200866859314661	0.17121998085108164
0.030031038343223793	-0.026042557582397007
0.20702692373521622	-0.09514631819407333
0.16942712470719667	0.20803623205352761
0.12058761263790632	0.29762916797882677
0.04397980465956227	-0.029133970668215173
0.2122918631906927	-0.06021996539449442
0.24778694278156319	-0.026308508382850714
0.16630901727799477	-0.1175187499243274
0.030437721967499828	-0.03439169624479255
0.04858310249913076	-0.029489318851153953
-0.08175666651912701	-0.08041123513784275
0.03146463188321146	-0.034702789528548494
0.13534708690979827	0.2323608861828649
0.4414987849403118	0.043299841154130145
0.08379085194411799	-0.05146718589587425
0.1231355248270322	0.14969886777493369
0.032581540184160734	0.13011386830894855
0.05215291098109949	0.12156308313944361
0.04749416592550875	-0.029089257380111547
0.18506478351662387	0.06556169132804066
0.15812816848789718	0.18283538268029056
0.09642060552385805	-0.05642284838695358
0.04623247589316185	-0.027707911019580717
0.04130289006218181	0.14983942332789413
0.09054351205473277	-0.03203985519793798
0.03225011780976067	-0.03380536051775994
0.07108440474244052	-0.05822914279319379
0.0815005164938768	0.1724355919538223
0.04899605035345223	-0.027077283320181382
0.02887833978117753	-0.0930783430333736
0.030149272873272938	-0.027495977553822968
0.08940524539419266	-0.019002063637587652
-0.03243108555503947	-0.11324264284897867
0.06755924629289779	-0.04281147047660921
0.14663419608496875	0.15837088512563186
0.06949751034375405	-0.02413252757481839
-0.012273389599670762	-0.08859265042254826
0.0754028394578483	-0.03656280705783581
0.12125423315356476	0.1925189789672481
0.04288609364508578	-0.04890161614383848
0.030065808970539506	-0.03451444031607346
0.030132026885978026	-0.0343945175832188
0.04043629590388582	-0.04456537649386878
0.029851148580768344	-0.02661807121538625
0.15	-0.4125
0.034082757705158354	-0.038645123442758444
0.3833333333333333	-0.15
0.5	-0.15
0.03008776957923417	-0.03495872650655682
0.029519217367495028	-0.027029304825667174
-0.15	-0.5
0.15	-0.325
0.5	-0.07499999999999998
0.26006049781210755	-0.1361016749569948
0.047609994870798075	-0.03420864115005642
0.15595562675440786	-0.24499467522831397
0.4675805828736604	-0.03373869427163224
0.03009640554145757	-0.03446864196018209
0.12974487875931257	-0.3868114567004238
0.14245542587778992	-0.31027409067225525
0.030424990462336786	-0.03726149663270005
0.11670485324261269	-0.3215859875831973
0.3867148703481586	-0.04187229350454788
0.18658445875164523	-0.18867809504714858
0.2956941460920743	-0.06247822260157306
0.03033753354653799	-0.03458756067148545
0.09312742580276627	-0.10414803925079645
-0.10450058173793636	-0.3364907919760136
-0.10338131298676154	-0.29412402056620773
0.05827726503069709	-0.07086532754343669
0.24256463185900035	-0.0707035309404306
0.03016481947152322	-0.03441962482305826
0.030050922651968813	-0.03444396815589958
0.035272589160293744	-0.040668392684408916
0.13895003715755583	-0.23828537170256564
0.030096894756616564	-0.034421824518194304
-0.08676491430707672	-0.2794105474277519
0.14579076514649805	-0.1687702594143732
-0.13238876601964883	-0.22417674569402166
0.10499931419008715	-0.2125986694687691
0.1104077133432026	-0.16780146584909347
0.030006916067370243	-0.03457116295878987
0.029981906605535437	-0.03450250681937283
0.028738337433839172	-0.02626372592654004
-0.10532847739815095	-0.2467336304849417
0.07686198104997705	-0.23071251281172975
0.030172604226943758	-0.03446257858705704
-0.12107495820002151	-0.19957008526270845
-0.07333605656851133	-0.0977710347000305
0.03823468242402708	-0.03925354488682472
-0.14194889968819352	0.03399564247391312
0.03017513159718091	-0.034620960417323265
0.030509091596569504	-0.03454961550100742
0.030135379583779764	-0.03451581048467822
0.03252284587388879	-0.035383742831538695
0.030084638686950334	-0.03459066954949001
-0.09261297317890284	-0.21244155002040735
-0.08046874954209045	-0.25005634137159644
0.029927412326991174	-0.03463662327017872
0.030018892165614548	-0.03441393253069962
0.030020591291710325	-0.03449638878740098
0.06279914000594262	-0.12155736796750001
0.0307634767012076	-0.03439561297204808
0.030209754016029516	-0.034424075064927014
-0.10954544125318502	-0.1760367128897975
-0.07215355347719513	-0.01404170130365579
0.03019025759478409	-0.036013406592821644
-0.13234082227702693	-0.16575774363578116
-0.12399324797782793	-0.14198953340091067
0.0293343133436101	-0.026549861944554283
0.029992359927536412	-0.03440294762852507
0.028641317502745598	-0.026219547014790786
-0.046883734864745744	-0.023986652017997306
-0.08659046421386059	-0.18068428344136309
-0.0008258703995786814	-0.0801019663265574
-0.10656994404711925	0.037335241440006585
0.04793864848124461	-0.11394064502437343
0.09331374077124936	-0.08225040355589894
0.04060973955141506	-0.033622283023628394
-0.14421183869534684	0.049174883083983274
-0.17052894085193657	-0.0036855018670612595
0.03915765703846091	-0.03562902219222193
0.08940116860206354	-0.0675267682626834
0.03679088623046008	-0.03638391117492682
0.03716864230089175	-0.03413211281095767
-0.10066018167147033	-0.1557770815776144
0.07482067157289238	-0.10428135543196791
0.029914885187673088	-0.03492735527351287
0.0829004740368176	-0.09088239616250043
0.030879857434745705	-0.035037795328727535
0.03738875448027476	-0.10317134628702816
0.0705377858685673	-0.08491209207939815
0.030233234230933	-0.0347945319911438
-0.1025593710301446	-0.12950219589742404
0.0773605615643645	-0.06852879241172322
0.057701737705138575	-0.0869940984958786
0.02988967005071705	-0.03474775859768624
0.0302613792757311	-0.03504537866520851
-0.08658632976310408	-0.12954127914557925
0.06664641206038523	-0.07021747494474914
0.055571751156433896	-0.07837725669152695
0.06174699036424438	-0.07827324995099795
0.032241296386945166	-0.03763244583458846
0.031174678006773603	-0.0359123323470328
0.03003995721588124	-0.034730973570585216
0.038933926187009846	-0.032781075965254904
-0.12508136193190345	-0.1014288022541845
-0.09038921733096086	-0.1118228798106696
0.0463333328586243	-0.04079006398715301
0.03978420105076151	-0.08826271214848035
0.042156191765516236	-0.03283056467788332
0.0304976341710326	-0.034823592115703614
-0.1596430267986084	0.03540311390691624
-0.04211005464046937	-0.045383264940289124
-0.10120324954206708	0.01620443790022091
-0.08411631631513994	-0.022350814899755288
-0.1292789509789887	0.04244725675038094
-0.14779687902535993	0.019469766008556773
-0.01571356884401227	-0.06856820733447057
0.028847863192335777	-0.026462230786087157
0.02864627700658077	-0.02645017750895224
-0.058450319149458335	-0.039637967655405275
-0.08908339442632197	-0.039575998572177966
-0.12960079410105393	0.06075631389949535
0.02917775692884908	-0.02695454500095858
0.029905321331479863	-0.030499524629325023
-0.06998801202214877	-0.07382537196664764
-0.15	-0.2375
-0.12362774190070061	-0.3832139809399715
-0.1382421505078901	-0.0311281001386911
0.029840198269259027	-0.03219731718350623
-0.1143639187982826	-0.0815237983585051
0.02925345551827968	-0.028909632368138382
-0.11806872785408554	-0.021220092171588257
-0.15257214552676213	0.0017248700653104913
-0.13711343274796742	-0.00994952124114378
-0.11157428793505825	0.02338960535578549
0.0017804467500885158	-0.05969742630712728
-0.12881380294266362	0.02348319261972836
-0.061787476926716926	-0.024037991756429136
-0.13894828498275083	-0.05061856953171506
-0.12183064593830538	0.0007964341465561972
-0.11320914438825694	0.0516187076599877
-0.05847583047537406	-0.010645451092947074
0.028288284553803358	-0.030996813581955187
-0.09504926818443228	-0.42701112739391023
-0.15	-0.4125
-0.15048448043217616	-0.06813884807518407
-0.03211717246406423	-0.01565630567250344
-0.018106932774873172	-0.03424366902178138
-0.10580149974080243	-0.005275916691467877
0.15	-0.5
-0.1197121487866541	0.013643790184442017
-0.2377098182472133	0.11179466092905191
-0.23729431548993737	0.13604188595320915
-0.07297394666681135	-0.03187818671214025
-0.1196308265640985	-0.0458546701041419
-0.15619022133937654	-0.01769729949396124
-0.27052486172108803	0.1517214005615504
0.026740860734025873	-0.03380074363135846
0.01775165737563872	-0.021609875026094426
0.016758640326971535	-0.011488993000665661
-0.0313008623653392	-0.03194048324886717
-0.2141876164838019	0.13621331868752806
-0.26209766912564875	0.12058249841928204
0.01472228716748471	-0.029445812244569245
-0.0807561368816271	0.030800783965350867
-0.10777204593933058	-0.06568432789133745
-0.08888005932972978	0.014312563303449615
-0.2794097893062077	0.0990234845033495
-0.023056753742548848	-0.02327175714405322
-0.10205237493722674	-0.050136183949722794
-0.16802669387454736	0.0143847168399612
0.015107122980321278	-0.03769701568486683
0.018941512403235532	-0.03340262679356672
-0.01015093194134075	-0.04775570803133384
-0.1761363113726703	0.04846162447935871
-0.028555756508031854	0.014590707880502944
0.010986720542793618	-0.04673175454206735
-0.07225261970603597	-0.05162464608541815
-0.098730256277061	0.005914246260946688
0.007783124182368506	-0.02098374579451231
-0.130095790386527	-0.08743647234488786
-0.043944428031798086	-0.000605099759539924
-0.23464790063055455	0.15185644242629065
0.007544040633175738	-0.03496367051567685
-0.014129967668962105	-0.022481162552518717
-0.09702296279849501	0.02829367505484219
-0.26295421168850924	0.13893729530965043
-0.24011460366059242	0.16153399344194116
-0.15950140955906184	-0.041428448289596374
-0.019628833439505475	-0.01203716522459538
-0.06760995907641426	0.009444189372886788
0.03276464347314119	-0.047801013729478335
-0.5	-0.15
-0.15	-0.15
-0.13577670532138505	0.00782706014551125
-0.5	-0.07499999999999998
-0.4125	-0.15
-0.325	-0.15
-0.2375	-0.15
-0.20238592429952262	-0.14651576998252627
0.018335099509632802	-0.049293536244472684
0.023959347503609542	-0.04439748301301907
-0.4125	0.15
0.028563843664971385	-0.02632027208478491
0.0289355788970564	-0.02699011540088651
-0.26987834961974155	-0.13394864975516957
-0.15458516904090533	-0.19851330729158997
0.08956411467616013	-0.38969720524666634
-0.01738191304525735	-0.10263903124733634
-0.4151813536315778	0.12960545704190926
-0.421441575258013	-0.09881964164143964
-0.3306171115085373	-0.10846389066239112
-0.13850305485304595	-0.26061319922169
0.049999999999999996	-0.5
-0.3281608425209874	0.14923871195407976
-0.37962060445285384	0.11258959143275389
-0.12343672650516653	-0.3111330192926302
-0.03580080366596847	-0.0667161716027288
-0.049999999999999996	-0.5
0.03262360181106917	-0.040623554932514
-0.25388871229064763	-0.11476358813093043
-0.12060766755255471	-0.2673561230518983
-0.05921098214409176	-0.3814787281123317
-0.4211554008300736	0.01482293957542875
-0.37045440601152796	-0.0052431244582372355
-0.3674550298344439	-0.07049705808012299
-0.046284643695855825	-0.3209543285965196
-0.3020818945040231	0.14759817432530162
-0.10980868136999135	0.009112099526080568
-0.3211043926989519	-0.06828343385216513
-0.079649510419684	-0.32362001116401085
0.008125146312790519	-0.34692397360230165
-0.3349704731663317	0.11318259194896844
-0.3460347595016205	-0.037961423138495126
0.08280980974224501	-0.282861813594075
-0.10544964387687797	-0.03565263599497671
-0.03569135103959719	-0.270230196551951
-0.2931202108963762	0.11711516540114922
-0.2877462302836563	-0.04309604354051565
-0.2736688323665009	-0.08139875383930088
-0.23178021037240168	-0.09809497103327232
-0.21500184557718083	-0.12015949351292209
-0.0649965211886967	-0.28251873355200274
-0.3028799202953676	0.13370968096413052
-0.2029543321288408	-0.10895614609958491
-0.04956268336774282	-0.0883149642704572
-0.26746668450106037	-0.015370697877438456
-0.17656772680730154	-0.10797815768925734
-0.15423326907321455	-0.17227412885130156
-0.06111995812787605	-0.25084097620018664
0.025639238672814084	-0.0297022086715988
0.017806077945265886	-0.0432930032496245
0.04446322156653199	-0.24022897474329588
-0.23409914072216834	-0.0075635459756448345
-0.2527994586329011	-0.059878620983112446
-0.23774571077841122	-0.07721072867271937
-0.18400004879449103	-0.13246699231829662
0.028291368460613593	-0.02648633817149147
0.023029787248230987	-0.0335071396220028
-0.20742182909282914	-0.08608111594417622
-0.07198965305183952	-0.22839261054428833
0.06877092283018126	-0.1463366076904801
0.02856326715825674	-0.026224167804066008
-0.22305822342742315	-0.060600181563734826
-0.002523852290277638	-0.23686451557587562
0.024701325420418883	-0.20328826103480138
0.028498710904357835	-0.02667396632497652
0.029956526131475217	-0.034468578265376124
-0.2417782963085138	-0.03708739729929141
0.03036010246314298	-0.039508346218494333
-0.21902871013490202	-0.04441088837013961
-0.1996048646982192	-0.06826834784362655
-0.14600805435545236	-0.11304299074957751
-0.07329306859317189	-0.20561718614815605
0.02784247795282203	-0.02858959683313765
0.028590299293028212	-0.026254745095977722
-0.15285719488088567	-0.13891825777418754
-0.052453515817156404	-0.22300699898109527
0.020642099189972174	-0.038345226763696345
-0.22808927517467714	0.018305848139280524
-0.20302869434618562	-0.051264171833078104
-0.18024173543720592	-0.08145927870703806
-0.030586112470108263	-0.2305018493556761
-0.03167573073340182	-0.19190568631378233
-0.16249089296140615	-0.09492232223194043
-0.19667239467635553	0.004877298745968665
0.0029965349114224175	-0.1749726674293207
0.028460238633610222	-0.049039281376934855
0.028547473652910573	-0.0262539820612743
0.03257773227437478	-0.12090840116377495
0.028636895028093513	-0.02707195293968009
-0.08832596387950488	-0.06391328718597995
0.02901607992510911	-0.026675374420071164
0.033823901039824904	-0.04370795786595145
0.028635222571365516	-0.02816006336692928
-0.20824962645748543	-0.028691802784454122
-0.09841289560265697	-0.02147623517725264
0.0299280973739837	-0.03452653839842785
-0.06281873670410013	-0.18356048775362638
0.02847560137807266	-0.026408717683958995
-0.2042554551191261	0.03946701692817685
-0.05469408209197061	-0.0609170644201577
-0.18427384118745238	-0.06193699117010554
-0.027193907346281847	-0.08801227795441992
0.021728625945160625	-0.14316057934116366
-0.1839569001716321	-0.043676819266408165
-0.02405717577891612	-0.14495719572209817
0.009670455747659502	-0.08756502652248266
-0.16930627183450553	-0.06993092334185293
-0.1476102267283434	-0.09103409128552171
-0.08061238388233341	-0.15067268225857677
-0.0522872569846766	-0.14947608937878448
0.02641542807137495	-0.10672786289372227
0.029174848154505783	-0.03797770865649501
0.029083595110974726	-0.02752806841361379
-0.1695045806369656	-0.057022406028629416
-0.16202672147872746	-0.08109709272830744
-0.13455542075577143	-0.10156682158323282
-0.0727843468089776	-0.12616735861564624
0.00032439093208146705	-0.1340484397355189
0.028589878799051904	-0.026208808084741197
0.02372663972722442	-0.053879852995657465
0.01628954324011655	-0.11785261090979587
0.028361361703385577	-0.02761295585282731
-0.18094677636826148	0.028518754180076326
0.02773491385295115	-0.03997580770578596
-0.04056758866072781	-0.13134902858752445
0.05019785062641056	-0.04049610019567061
0.05668981711553049	-0.031712668674647504
-0.15	0.15
-0.15	0.2375
-0.20379143279014486	0.18483159968073262
-0.15	0.325
-0.16933938422922912	0.2176341486986354
-0.15	0.4125
0.10859119124714117	-0.050977686695098584
-0.15	0.5
0.05018771922911627	-0.030569028578012716
0.05054156249229164	-0.037611510002041194
0.050703417416141934	-0.03459317062187914
0.07517557870104408	-0.1871605934407785
0.10893212437705739	-0.08445383833376284
0.12745680213837848	-0.08209920933173362
0.12025220331970382	-0.06439618775286066
0.050888370699335994	-0.023885197576081926
0.05335191385758978	-0.027213622819316663
0.1654481112890502	0.03383280586504238
0.05481679996023013	-0.04328367124962033
0.04862147688063641	-0.023730084274151304
0.09616439102410276	-0.1381214216026821
0.14890414079490377	-0.02537635988701384
0.05677229360055929	-0.037066993812466704
0.14391104149552292	0.016675301423154505
0.10281850564017893	-0.0676712888312097
0.05903633686841311	-0.03979501294255643
0.05283832148614922	-0.03794379393812298
0.12990851765428083	-0.13235638531886365
0.1263941326542226	-0.041455497876020125
0.1658253972222453	0.0017463575927378133
0.08270274616861245	-0.07882009049444082
0.10997409198225859	-0.015534899757729103
0.1473204638612445	-0.05971960544933911
0.05298617448792804	-0.03173996168818317
0.07913651024717702	-0.12288895838868522
0.11662406859006745	-0.1061579012800777
0.053939230543692485	-0.020922602240044476
0.0539980048212618	-0.034611317747059896
0.02847805437999117	-0.03472812698950573
0.027945473826228903	-0.03661815257872656
0.028366012552909246	-0.026269235381211706
0.029110941440891824	-0.03486348172715818
0.028472039175248313	-0.02618068097623866
0.028433078259321905	-0.026190554322801974
0.0276463626123156	-0.026678436795466526
0.0284873956790031	-0.02625231663233707
0.02500874705916977	-0.03777409221909821
0.028288269037888638	-0.026135318778425863
0.028178556060530956	-0.02690597541566745
0.028532562469293424	-0.026218408689205757
0.028023770218423866	-0.026396099677294615
0.029914608146596314	-0.034443242801400036
0.029970231614109746	-0.03438079665880428
0.027212016549929437	-0.025868433069875716
0.02920247844576801	-0.03426186354109492
0.029775583164166956	-0.034580745696706015
0.029960616368122927	-0.03442073762081062
0.02800153421029762	-0.02607652857933422
0.02964485853426941	-0.03573182771779065
0.02953318975125947	-0.034412903085738446
0.02973392924707143	-0.03440088439811353
0.029353088208724478	-0.035074861639616844
0.028205559649386994	-0.026264034545839532
0.026928359153579377	-0.027323425842579047
0.027744050194903277	-0.02615460861944674
0.027791423496526708	-0.027422078147935597
0.02809896034091902	-0.02620677561381639
0.029448953734885888	-0.03470670776349893
0.02986289120843631	-0.03457869544782473
0.029644161874972996	-0.03457609423409061
0.02983694204555855	-0.03466461064775837
0.19366071284720413	-0.1363117910246005
-0.325	0.15
-0.2745045304482621	0.15589155341232103
-0.2375	0.15
0.029569662945103176	-0.034978519890397276
0.02907213243508954	-0.03554584870207447
0.0253815633395471	0.14594867318822127
0.0295637504876519	-0.03527975011495532
0.030234488650878428	-0.03435993199499586
0.15583258523064047	-0.24274114349128642
0.19446380444122377	0.18612054034254172
0.17731203374095003	-0.07675923175142563
-0.09240761687736906	-0.37036292791724784
0.02972915347748125	-0.03477923022639617
0.04609256202952611	-0.19379115314350973
0.03247816088489153	-0.17058399428200496
0.053644523574744016	-0.1676939422166679
-0.13083139527112844	0.31357297186036054
0.028227269331196243	-0.025211452546178886
0.028508554279297278	-0.02617668185922025
0.05388723727181952	-0.06506673136825729
0.03362903597948734	-0.00963037771320806
-0.12398167037663073	-0.11489175128199243
-0.43015829390915816	0.10173423553862915
0.04517380437852291	-0.036778365558152164
0.33464182824968497	-0.11425954731318247
0.03709438920044581	-0.043571475653204926
0.045705393428077064	-0.1405973625265664
0.03127465408181789	-0.0312964778148406
0.2500232834954554	-0.10936464012916142
0.029846421131481195	-0.03448495922605268
0.12612131720272504	0.004603795831252646
-0.0023223298378734227	0.2584786835788921
0.02845912848337098	-0.02610317109059535
-0.017946470509275482	0.21765189231313103
-0.020428938303196014	0.321490266185889
0.06042269347608342	-0.10129927874292705
-0.15	-0.325
-0.3536278697958772	0.13370345823816335
-0.05692974548866204	0.08436104103868598
0.039440097173752985	-0.04186427165391584
0.1305694126547573	0.0788269496545156
-0.01971758826149166	0.09038429535990747
0.0426278268264883	-0.014210376447750944
0.09391539026968437	0.25252780860962204
0.02853745201253623	-0.02587788963273084
0.030289874943546943	-0.03442631219387055
0.312433319818583	-0.012360815339265164
0.029753368816772374	-0.03505204970751908
0.14415515054381936	-0.09576851384262783
0.04823042652070328	-0.045934586744594115
-0.026851609941966177	0.07043189969586537
0.26666666666666666	-0.15
0.03450009838624653	-0.036092524437080865
-0.24651396359133113	0.167893552746773
0.15	0.5
0.04634687417188031	0.018546573914637578
0.17200784967649324	0.2261507182330735
-0.22848413060077105	0.17620673195535386
0.04873817722271504	-0.09611011345844414
2000	3
365	104	984
480	745	739
739	390	480
413	385	1017
420	421	84
123	984	104
432	464	406
376	399	152
392	564	561
381	79	631
464	451	106
563	593	410
650	653	648
464	106	463
384	390	470
396	911	401
396	401	365
50	975	527
436	1015	81
132	81	1015
138	480	390
535	3	4
406	464	409
382	308	377
448	415	992
1006	436	85
276	871	467
544	519	540
401	911	1014
18	1011	584
497	78	36
331	159	288
688	855	532
341	931	947
78	544	100
422	418	385
390	739	470
544	550	100
366	632	317
436	115	85
36	298	292
298	100	128
106	451	530
383	387	393
912	233	128
233	908	929
100	550	912
403	478	455
509	506	520
114	11	478
984	591	441
457	728	462
595	611	70
161	171	270
196	298	128
138	132	398
161	160	557
149	126	136
912	550	908
36	78	298
11	114	292
465	425	446
929	909	160
319	965	778
142	557	489
69	58	72
323	355	224
45	35	225
71	288	273
968	1012	977
981	22	32
720	751	1018
152	470	739
22	186	23
269	373	288
473	462	474
398	1003	474
450	416	125
814	838	956
498	124	553
143	133	124
143	142	133
161	557	142
118	93	109
275	90	262
133	489	553
142	489	133
120	109	93
85	42	1006
985	411	458
44	29	35
275	120	93
118	83	93
167	150	71
358	672	640
321	944	949
45	44	35
26	15	180
164	157	149
450	148	970
107	498	924
107	924	95
124	498	107
124	133	553
72	262	69
781	867	680
95	924	75
291	295	283
102	152	739
143	124	110
25	15	26
118	82	83
476	131	471
273	59	71
146	195	53
156	164	30
189	202	26
109	126	139
830	941	854
116	107	95
124	107	110
137	456	60
619	806	813
995	95	75
110	107	116
171	142	162
162	172	171
374	373	360
69	68	62
166	53	101
143	110	134
162	142	143
35	29	25
76	914	922
162	143	134
166	164	149
199	18	535
914	76	75
95	995	116
134	116	119
134	110	116
25	31	15
499	156	174
76	916	995
995	75	76
172	153	94
284	171	172
210	243	284
83	90	93
600	770	776
97	119	111
172	162	153
154	145	135
284	172	266
146	53	136
390	384	81
420	436	384
419	423	425
94	153	154
220	981	32
201	197	192
230	996	72
251	37	397
119	116	111
144	134	119
153	162	134
611	643	645
6	199	4
932	439	969
138	390	132
398	1015	60
153	134	145
453	217	1020
643	358	640
295	275	283
474	475	138
111	916	88
88	910	67
135	144	119
154	153	145
145	134	144
935	997	936
931	721	932
472	231	459
723	722	303
88	916	910
97	88	67
54	42	30
135	119	97
94	154	173
217	266	172
126	291	136
34	541	57
97	111	88
217	172	1020
170	74	55
934	969	954
154	135	147
101	164	166
20	6	491
18	199	20
145	144	135
173	154	147
230	45	225
30	101	54
140	1020	94
46	42	54
68	66	62
74	511	12
91	112	1005
129	135	112
166	149	136
34	20	38
65	34	38
65	51	34
65	77	541
67	910	541
112	135	97
140	94	173
120	126	109
58	69	62
52	65	38
541	77	67
112	97	1005
165	173	147
192	240	1
131	381	170
496	974	501
38	20	513
1005	67	77
156	30	174
151	147	135
87	476	471
40	38	513
151	129	130
73	173	165
959	950	943
137	46	54
136	291	300
52	38	40
556	80	52
1005	77	91
130	129	108
165	147	151
1019	180	16
93	90	275
931	932	969
52	40	542
108	91	98
507	130	108
108	112	91
513	501	518
537	80	556
80	65	52
151	135	129
155	165	151
501	974	518
518	974	1021
80	77	65
129	112	108
514	539	507
130	155	151
91	77	80
73	165	8
398	60	1003
8	165	155
421	435	140
421	140	73
339	791	720
398	132	1015
474	138	398
152	399	470
421	73	8
262	90	69
137	60	1006
783	595	567
927	913	588
1006	60	1015
529	1013	920
9	502	492
1021	524	518
163	8	155
115	8	163
115	84	8
164	156	157
225	25	26
940	955	933
420	434	435
288	159	273
83	82	66
464	463	409
538	163	539
84	436	420
68	90	83
280	218	394
1021	9	21
84	421	8
436	84	115
92	503	89
163	155	539
24	21	14
115	163	5
139	450	109
48	220	49
10	16	15
14	21	13
1008	525	31
113	92	89
503	549	521
118	117	113
1006	42	46
163	538	499
49	220	43
41	29	44
225	35	25
938	852	942
89	503	1008
113	103	92
117	103	113
649	658	977
27	43	23
218	280	228
416	545	125
1003	33	473
368	374	360
331	288	374
14	13	179
89	61	66
473	474	1003
275	295	120
125	109	450
952	326	947
179	13	7
31	10	15
5	163	499
325	324	319
26	202	207
157	139	149
82	89	66
125	117	118
115	5	85
10	14	179
82	113	89
343	345	1018
545	416	970
441	591	661
367	159	286
16	10	1019
31	41	1008
41	31	29
118	113	82
5	42	85
1015	436	1006
299	641	286
61	1008	41
499	538	970
62	61	44
44	61	41
174	30	42
5	174	42
27	23	186
25	29	31
68	83	66
438	17	669
182	202	189
225	207	202
264	223	48
49	43	215
350	205	327
635	862	874
63	264	48
231	215	350
64	49	231
350	215	205
771	713	580
202	999	225
225	26	207
262	258	283
101	30	164
59	286	685
233	282	196
966	310	967
127	121	232
196	128	233
253	196	191
292	298	253
203	222	219
861	831	944
58	62	45
264	248	223
242	229	197
1019	10	179
929	271	233
205	183	327
271	929	301
191	196	282
122	167	479
468	461	264
468	460	461
292	251	11
248	259	235
253	191	1007
352	343	1022
256	253	1007
251	397	478
159	367	273
185	206	997
185	294	1009
282	271	243
1007	191	267
37	281	238
253	256	214
251	292	214
633	430	212
267	191	282
267	282	243
253	214	292
268	249	259
300	296	195
750	716	746
296	297	239
923	653	650
278	268	259
295	291	126
178	229	247
194	198	182
363	814	956
981	203	204
950	959	213
307	182	176
171	284	270
250	281	214
277	217	86
185	1009	247
203	194	190
243	271	301
243	301	270
250	214	256
251	214	281
301	169	270
243	270	284
289	1007	237
254	272	1009
101	181	54
158	54	181
267	243	210
289	256	1007
43	32	22
213	940	226
237	267	210
210	284	266
238	281	250
127	232	274
430	442	212
290	258	241
245	249	263
999	241	230
306	814	363
955	940	213
254	294	200
238	452	37
199	535	4
300	291	998
1007	267	237
210	266	217
221	256	289
253	298	196
290	998	258
218	228	338
249	245	259
1004	990	564
250	256	221
43	220	32
244	188	247
307	190	194
238	250	187
472	459	444
189	26	180
471	209	193
471	193	87
240	197	229
182	198	202
293	254	200
294	208	200
187	221	330
235	245	234
277	237	210
277	289	237
221	289	985
456	257	1003
869	752	407
254	209	272
296	290	263
53	166	136
217	453	86
289	277	985
244	247	229
961	861	994
252	338	236
897	895	183
188	185	247
146	300	195
293	193	209
146	136	300
241	245	263
242	244	229
216	226	188
294	997	208
236	268	278
239	228	195
280	53	195
277	210	217
993	575	989
72	58	230
661	663	653
294	254	1009
411	723	303
204	203	190
454	373	269
259	245	235
283	275	262
71	426	167
856	168	768
211	219	234
236	372	252
259	248	278
985	330	221
969	971	954
198	234	999
183	895	327
436	81	384
268	297	296
223	220	48
223	981	220
453	1020	140
222	223	248
280	394	53
180	176	189
231	350	459
234	245	999
985	86	411
778	791	325
211	234	198
938	942	983
260	272	209
936	933	938
219	235	234
249	296	263
830	863	821
216	188	244
149	139	126
342	323	232
280	195	228
183	27	186
27	183	205
232	359	342
997	246	936
218	338	122
0	274	201
446	425	121
297	268	236
272	229	178
272	1	240
363	323	370
58	45	230
268	296	249
90	68	69
323	274	232
201	274	224
461	269	264
830	854	168
639	588	905
203	219	211
235	222	248
226	216	213
222	235	219
900	898	204
722	370	303
892	485	160
194	211	198
241	258	996
236	228	239
264	269	372
198	999	202
224	274	323
230	241	996
785	600	776
766	778	965
20	199	6
724	711	732
0	201	192
300	998	290
981	223	222
297	236	239
999	245	241
998	291	283
258	262	996
258	998	283
240	229	272
300	290	296
372	236	278
958	956	838
239	195	296
468	264	63
338	228	236
43	27	205
260	131	170
339	720	1018
205	215	43
216	244	184
201	349	982
949	945	321
262	72	996
248	372	278
343	352	350
203	211	194
829	850	828
946	956	937
192	1	55
307	194	182
505	585	1016
982	349	184
53	181	101
240	192	197
242	197	982
185	188	206
523	529	964
263	290	241
982	197	201
618	824	837
203	981	222
242	982	184
1009	272	178
324	318	310
184	279	216
937	943	957
1	272	260
260	471	131
940	933	246
396	365	441
261	326	953
891	362	670
401	395	365
304	882	875
427	400	396
781	675	865
1014	891	670
564	392	348
326	261	431
950	216	279
363	956	946
366	945	632
506	640	672
409	382	406
1001	690	780
667	414	422
852	826	942
667	643	640
787	320	322
569	989	568
336	431	463
548	484	427
344	341	947
616	664	1017
409	463	431
661	656	548
715	725	716
344	326	336
864	285	368
206	226	940
379	351	366
935	938	983
797	335	788
335	353	329
564	348	1004
453	140	435
274	0	127
316	261	953
255	331	285
351	308	375
767	852	938
788	329	787
314	322	312
936	938	935
604	483	831
656	536	548
204	190	900
448	404	547
838	694	858
963	961	948
738	255	285
427	484	555
303	323	443
721	931	341
931	934	947
315	787	314
392	670	348
858	878	887
357	368	361
500	506	672
914	925	50
206	188	226
388	141	96
888	738	864
586	592	993
346	337	329
990	356	333
305	729	718
947	960	952
438	729	693
953	952	962
395	1014	561
952	953	326
308	431	261
413	645	646
644	656	923
337	779	987
1018	1022	343
312	322	320
331	374	285
864	368	357
336	326	431
500	672	490
515	486	576
643	611	347
337	340	796
340	801	796
184	349	279
758	679	696
299	255	738
358	347	348
878	686	768
353	361	346
382	409	308
869	879	752
360	715	361
1002	791	778
316	944	321
337	987	320
602	601	599
357	361	353
882	304	610
441	365	984
838	814	706
993	512	575
945	949	632
879	872	709
610	669	882
329	320	787
392	561	1014
315	314	759
318	324	328
368	360	361
321	375	316
323	303	370
395	561	364
285	374	368
901	515	903
71	150	288
333	265	364
413	646	385
353	346	329
847	841	846
575	505	1016
645	70	611
943	941	821
329	337	320
734	849	642
337	796	779
957	279	946
308	261	375
150	338	252
204	22	981
367	59	273
955	213	959
463	141	336
955	943	821
349	201	224
943	955	959
569	584	989
361	731	346
977	960	968
187	250	221
359	238	187
348	347	611
997	294	185
983	386	208
167	338	150
323	342	443
43	22	23
342	330	443
227	200	208
351	375	321
349	224	355
372	248	264
71	59	426
359	187	342
227	208	386
987	309	312
310	966	319
344	947	326
945	366	351
352	1022	433
345	328	324
252	372	269
741	865	683
150	252	269
310	895	967
178	247	1009
343	327	328
954	968	960
212	227	633
343	350	327
1022	751	433
360	373	715
269	288	150
231	472	64
328	345	343
231	49	215
370	722	306
725	373	454
461	460	454
167	426	479
895	310	318
373	374	288
324	339	345
975	1013	529
327	318	328
616	665	664
590	606	785
418	391	175
415	425	417
317	99	379
414	391	422
341	706	721
99	383	379
449	59	412
1022	1018	751
597	387	378
350	352	459
725	454	445
186	22	898
175	397	452
957	946	937
444	433	424
244	242	184
96	141	463
1	260	170
403	455	391
28	141	388
141	692	332
650	648	588
459	433	444
388	402	28
477	547	616
444	424	445
468	444	460
468	63	472
424	433	751
468	472	444
385	646	422
460	444	445
455	397	175
586	1011	528
181	53	394
454	269	461
12	55	74
1004	348	611
985	458	330
815	764	765
716	725	445
953	948	994
410	972	432
454	460	445
723	380	743
619	824	618
743	380	376
919	911	915
639	923	650
425	552	417
392	1014	670
597	563	387
74	381	511
1017	385	477
381	74	170
403	414	509
432	972	451
723	389	380
342	187	330
400	911	396
953	962	948
415	418	419
548	441	661
435	434	389
411	86	389
2	388	96
616	1017	477
653	656	661
86	453	389
37	251	281
643	347	358
443	411	303
399	380	389
446	121	127
646	667	422
985	277	86
141	28	692
560	521	537
470	399	434
152	753	376
446	522	465
308	351	377
148	157	156
251	478	11
476	381	131
389	453	435
458	411	443
304	809	610
687	992	417
972	1010	451
723	411	389
127	12	446
452	423	175
39	423	452
418	415	448
419	175	423
419	418	175
425	415	419
389	434	399
421	420	435
530	451	1010
936	246	933
434	420	470
39	425	423
448	547	477
377	379	382
969	934	931
923	656	653
464	432	451
384	470	420
839	482	633
209	471	260
355	323	363
391	418	422
397	455	478
586	993	989
736	306	727
225	999	230
883	870	850
415	417	992
2	402	388
39	121	425
121	39	359
383	99	378
381	476	79
593	625	410
1006	46	137
449	426	59
479	426	449
565	571	552
448	992	404
822	814	306
122	479	105
102	753	152
238	359	39
406	382	393
950	957	943
393	382	383
218	122	105
456	137	158
383	382	379
455	175	391
412	59	685
447	33	479
414	506	509
380	399	376
218	105	257
336	332	344
105	479	33
332	336	141
232	121	359
933	955	821
120	295	126
479	449	447
990	1004	611
447	449	440
139	157	148
397	37	452
257	105	33
431	308	409
863	933	821
440	449	412
181	394	257
605	87	193
12	0	55
125	118	109
378	594	597
28	402	404
597	579	287
123	408	662
704	637	457
170	55	1
158	181	257
416	450	970
257	33	1003
137	54	158
458	443	330
106	530	624
473	33	447
990	857	356
473	447	440
440	457	473
1003	60	456
456	158	257
585	512	517
517	964	599
635	837	862
333	364	561
843	864	357
514	103	117
3	535	487
40	513	518
546	498	553
625	593	608
503	92	549
73	140	173
681	168	856
3	487	488
574	488	578
114	36	292
681	79	371
535	18	584
545	117	125
556	52	542
19	20	34
925	975	50
527	975	523
19	34	57
541	51	65
530	614	624
493	921	75
514	117	545
525	14	10
498	493	924
355	946	349
614	587	673
57	528	19
524	534	542
2	106	624
96	463	106
513	20	491
514	549	103
472	63	64
341	332	692
514	545	539
450	139	148
19	18	20
402	624	533
538	539	545
57	922	50
533	547	402
89	1008	61
524	542	40
922	914	50
514	507	98
542	534	560
616	547	533
924	493	75
24	525	534
977	963	948
7	9	492
521	549	98
521	560	503
21	9	13
524	40	518
31	525	10
524	1021	24
547	404	402
520	497	509
943	937	941
514	98	549
651	405	665
975	925	1013
578	488	487
524	24	534
183	186	897
679	734	696
550	540	531
821	941	830
539	130	507
681	371	605
403	509	478
901	926	909
544	526	519
489	546	553
526	78	497
34	51	541
499	970	148
1008	503	560
497	478	509
493	546	510
899	493	510
546	536	510
795	786	782
544	78	526
560	556	542
98	537	521
598	590	794
507	108	98
813	800	841
540	550	544
156	499	148
512	505	575
1008	560	534
545	970	538
513	491	501
484	548	536
91	537	98
400	427	555
556	560	537
485	559	557
525	24	14
50	527	528
790	786	795
919	891	911
351	379	377
12	127	0
432	406	393
539	155	130
497	520	526
519	526	490
490	486	519
536	644	543
414	667	506
534	525	1008
378	99	594
623	1000	638
559	484	536
478	497	114
750	751	720
667	640	506
438	610	532
585	517	596
536	543	510
559	536	546
585	973	495
585	577	973
585	495	1016
879	866	872
915	918	485
919	903	902
490	672	358
486	531	540
557	559	489
515	576	903
354	353	335
993	964	512
991	979	980
809	688	610
555	484	559
565	465	522
546	489	559
414	403	391
570	654	666
964	517	512
1016	568	989
735	727	747
486	515	901
490	576	486
490	988	576
520	500	526
325	339	324
371	476	87
200	212	293
621	317	632
944	316	994
621	594	99
592	528	527
604	861	603
949	831	483
622	604	603
562	594	622
579	594	562
666	620	658
597	594	579
410	393	563
393	387	563
994	948	961
961	620	861
603	562	622
563	597	287
963	658	620
378	387	383
603	861	620
287	579	615
593	563	287
704	412	685
570	666	649
562	603	617
608	593	287
603	620	666
432	393	410
87	605	371
617	603	666
617	615	562
287	615	608
508	951	628
658	963	977
620	961	963
625	608	516
670	988	348
948	962	977
531	486	901
613	617	666
615	617	613
627	701	705
703	697	695
540	519	486
700	469	678
860	677	311
615	516	608
246	206	940
17	986	655
666	658	649
613	666	654
516	615	613
578	569	574
630	629	626
17	744	668
1010	972	625
487	535	578
609	812	600
647	630	626
986	630	655
734	642	696
776	780	785
655	630	647
693	17	438
626	629	609
977	1012	649
405	508	628
516	613	587
587	1010	516
587	530	1010
902	891	919
669	17	655
670	362	988
742	676	792
606	609	600
874	647	635
874	655	647
669	655	660
480	138	475
976	589	690
400	555	485
647	626	635
874	660	655
618	609	606
618	626	609
635	626	618
654	587	613
654	673	587
902	903	362
707	690	572
570	649	508
875	874	862
875	882	874
654	570	659
590	780	589
586	989	584
528	592	586
954	971	968
976	690	707
598	606	590
619	618	606
508	971	951
673	654	659
348	988	358
673	659	405
707	782	786
794	589	976
976	786	794
813	824	619
311	754	730
659	570	508
605	442	430
442	193	293
1016	989	575
442	605	193
619	606	598
713	566	580
951	971	969
200	227	212
628	951	439
405	659	508
876	652	551
644	536	656
605	682	681
605	482	682
671	652	1023
520	506	500
104	369	123
717	741	683
581	973	577
628	439	582
533	624	651
265	885	428
466	369	429
634	701	683
730	728	749
441	427	396
561	564	333
865	741	688
1023	638	1000
408	1023	657
408	671	1023
466	671	369
612	700	678
582	439	877
878	571	686
795	782	777
305	709	744
651	673	405
405	628	665
576	988	362
2	96	106
631	571	565
661	591	663
798	771	583
665	628	582
616	533	665
375	261	316
511	381	631
362	903	576
583	771	580
724	634	675
755	851	265
533	651	665
427	441	548
607	816	798
657	1023	1000
369	671	408
429	265	428
702	718	691
790	794	786
438	532	855
631	856	686
631	79	856
719	752	691
596	798	583
904	816	607
697	758	696
664	783	567
358	988	490
580	566	581
583	580	581
596	583	581
904	978	816
663	657	653
428	466	429
364	104	395
879	709	752
356	857	755
990	595	857
631	686	571
651	624	673
904	601	602
601	798	596
755	265	333
664	833	783
356	755	333
1017	70	645
665	582	664
490	526	500
581	566	573
783	857	595
653	657	1000
662	408	657
591	662	663
369	408	123
429	369	104
265	429	364
567	70	1017
653	1000	648
984	123	591
990	611	595
595	70	567
1017	664	567
596	577	585
663	662	657
123	662	591
104	365	395
719	691	697
407	752	719
704	440	412
728	730	754
860	799	684
715	731	361
714	698	700
855	729	438
888	864	849
678	685	641
742	311	730
741	855	688
675	437	724
731	801	340
753	748	376
855	741	684
678	469	704
738	285	864
709	872	880
732	753	710
738	674	299
707	572	782
612	679	700
731	726	801
317	621	99
801	807	796
801	726	750
792	712	742
1018	345	339
849	817	859
734	888	849
758	313	700
685	678	704
992	28	404
685	286	641
703	792	714
674	679	612
684	733	855
716	750	726
945	351	321
299	286	255
457	637	749
28	992	692
750	746	751
716	445	746
728	475	462
305	702	709
754	480	475
703	758	697
676	742	730
677	860	684
691	752	702
739	745	102
758	703	313
792	703	712
710	753	102
700	313	714
692	992	687
695	697	691
684	741	717
286	59	367
753	732	748
838	706	694
344	332	341
754	311	627
724	732	710
729	305	693
634	705	701
960	962	952
522	12	511
694	417	552
694	687	417
939	932	721
695	718	799
745	710	102
612	678	641
483	604	622
839	767	482
637	698	749
822	721	814
705	754	627
601	607	798
699	481	740
688	809	865
684	717	677
698	469	700
822	939	721
721	706	814
469	637	704
425	465	552
744	873	881
764	481	885
606	600	785
724	710	634
710	745	634
736	822	306
634	683	675
706	692	687
64	48	49
370	306	363
884	826	839
727	306	722
781	680	437
286	159	255
709	702	752
736	842	822
735	736	727
424	746	445
676	730	749
806	794	790
749	728	457
642	719	696
731	715	726
740	735	747
740	47	699
726	715	716
738	888	674
474	462	475
747	47	740
744	17	693
717	701	627
311	742	712
747	727	743
830	168	682
722	723	743
334	747	743
680	636	699
634	745	705
717	683	701
334	743	376
437	737	711
680	699	737
704	457	440
641	299	674
609	629	812
743	727	722
699	47	737
637	469	698
737	334	711
711	748	732
680	867	558
627	677	717
882	660	874
720	807	750
627	311	677
888	734	674
737	47	334
437	680	737
745	754	705
733	729	855
711	334	748
293	209	254
911	918	915
698	792	676
437	711	724
376	748	334
614	530	587
887	838	858
754	475	728
674	612	641
212	442	293
746	424	751
706	687	694
633	482	605
305	718	702
675	683	865
733	718	729
558	867	772
744	709	873
851	885	265
177	870	883
339	325	791
504	889	765
857	504	755
695	860	712
807	791	1002
807	720	791
674	734	679
325	319	778
1001	780	776
304	890	554
807	801	750
638	991	623
1002	778	766
1002	766	773
796	807	1002
731	340	346
467	302	886
771	777	713
664	582	833
882	669	660
337	346	340
439	932	877
833	889	504
885	765	764
765	842	815
740	764	815
504	765	851
779	1002	773
636	302	871
276	56	871
853	868	991
833	504	783
876	886	853
870	554	890
740	815	735
822	842	939
467	876	551
773	766	309
796	1002	779
302	636	558
302	467	871
886	883	868
428	276	466
978	979	829
779	773	987
846	841	800
177	554	870
276	467	551
466	276	551
850	847	828
987	773	309
862	837	841
554	177	772
366	317	379
837	635	618
887	878	854
781	437	675
862	841	847
652	671	551
621	632	483
312	320	987
841	837	824
681	856	79
991	868	979
304	875	890
177	302	772
810	354	335
314	787	322
843	354	817
813	806	800
867	809	554
765	939	842
302	558	772
867	554	772
870	847	850
758	700	679
875	862	847
817	354	810
810	335	802
335	329	788
817	849	843
922	57	910
809	781	865
797	788	315
859	832	834
849	407	642
56	481	699
789	315	774
797	315	789
208	997	983
765	889	939
1023	652	638
781	809	867
847	870	875
774	759	756
828	846	800
774	315	759
832	810	802
817	810	832
878	552	571
870	890	875
844	859	834
407	849	859
386	983	942
889	932	939
828	800	795
694	878	858
958	937	956
859	817	832
407	859	869
797	789	793
834	832	827
504	851	755
861	604	831
793	789	775
802	797	793
818	832	802
719	642	407
846	828	847
795	800	790
795	816	828
851	765	885
818	802	803
622	594	483
168	854	768
775	774	760
775	789	774
703	695	712
844	834	827
869	859	844
703	714	313
760	774	756
827	832	818
786	976	707
697	696	719
768	854	878
803	802	793
803	793	775
364	429	104
878	694	552
775	760	761
844	866	869
5	499	174
736	735	842
819	818	803
879	869	866
835	844	827
311	712	860
769	775	761
866	844	835
941	937	958
302	177	883
582	877	833
827	818	819
771	798	795
795	798	816
686	856	768
804	803	784
819	803	804
835	827	823
845	872	866
784	775	769
823	819	804
941	958	887
777	771	795
636	56	699
688	532	610
689	776	770
860	695	799
871	56	636
769	761	762
803	775	784
823	827	819
691	718	695
808	823	804
808	804	805
845	835	823
13	9	7
621	483	594
733	684	799
799	718	733
816	829	828
735	815	842
845	823	811
872	845	880
805	804	784
811	808	820
558	636	680
979	978	980
850	868	883
823	808	811
873	709	880
276	428	56
854	941	887
826	852	839
944	994	861
551	671	466
848	845	811
880	845	848
764	740	481
877	932	889
980	825	991
386	942	826
853	886	868
763	762	757
784	769	763
873	880	848
805	784	763
820	808	805
430	633	605
227	386	884
839	633	884
305	744	693
886	302	883
997	206	246
820	805	763
812	820	763
630	986	836
504	857	783
554	809	304
863	767	938
767	839	852
565	522	511
840	811	820
227	884	633
863	938	933
767	863	682
986	881	836
873	836	881
876	853	652
682	482	767
590	785	780
770	763	757
848	811	836
830	682	863
840	820	812
836	811	840
481	56	428
776	689	1001
812	763	770
668	986	17
668	881	986
467	886	876
600	812	770
790	800	806
630	836	840
428	885	481
315	788	787
629	840	812
483	632	949
668	744	881
681	682	168
770	757	689
877	889	833
840	629	630
669	610	438
971	508	1012
968	971	1012
1012	508	649
977	962	960
111	995	916
915	485	892
891	1014	911
362	891	902
896	186	898
169	161	270
919	930	903
926	903	930
897	186	894
930	919	915
930	915	892
901	903	926
650	588	639
371	79	476
911	400	918
531	901	550
927	588	648
917	543	644
557	160	485
639	644	923
485	555	559
930	892	926
623	648	1000
906	907	905
905	907	917
639	905	917
510	543	899
908	550	909
623	825	927
22	204	898
905	588	928
908	909	929
588	913	928
644	639	917
899	917	907
909	892	160
282	233	271
887	958	838
543	917	899
908	233	912
913	927	825
928	913	920
897	894	893
929	160	169
905	928	906
904	913	825
169	160	161
301	929	169
904	607	601
920	913	602
907	906	925
316	953	994
493	899	921
980	978	904
599	601	596
596	581	577
596	517	599
602	913	904
921	907	925
899	907	921
190	307	900
925	906	1013
1013	928	920
498	546	493
896	894	186
465	565	552
522	446	12
920	602	599
182	189	176
1014	395	401
921	925	914
825	623	991
75	921	914
922	916	76
57	541	910
57	50	528
916	922	910
690	1001	708
918	400	485
964	529	599
623	927	648
529	920	599
523	964	993
523	993	592
624	614	673
402	2	624
319	966	965
974	496	502
502	9	974
24	1021	21
954	960	934
960	947	934
625	516	1010
973	494	495
825	980	904
895	893	967
895	318	327
319	324	310
64	63	48
578	584	569
1011	586	584
496	501	491
192	55	0
631	565	511
972	410	625
579	562	615
584	578	535
853	991	638
590	589	794
806	619	598
794	806	598
973	581	573
965	966	967
829	979	850
868	850	979
895	897	893
18	19	1011
132	390	81
78	100	298
128	100	912
142	171	161
172	94	1020
1021	974	9
643	646	645
950	213	216
950	279	957
238	39	452
279	349	946
997	935	983
353	354	357
352	433	459
385	448	477
549	92	103
523	592	527
754	745	480
797	802	335
836	873	848
550	901	909
926	892	909
529	523	975
16	180	15
111	116	995
91	80	537
564	990	333
473	457	462
66	61	62
667	646	643
167	122	338
792	698	714
19	528	1011
494	973	573
690	708	572
334	47	747
843	357	354
841	824	813
944	831	949
884	386	826
725	715	373
114	497	36
439	951	969
1005	97	67
418	448	385
512	585	505
816	978	829
849	864	843
866	835	845
1017	645	413
44	45	62
698	676	749
255	159	331
341	692	706
257	394	218
355	363	946
780	690	589
763	769	762
652	853	638
906	928	1013
46
4
6
491
496
502
492
7
179
1019
180
176
307
900
898
896
894
893
967
965
766
309
312
314
759
756
760
761
762
757
689
1001
708
572
782
777
713
566
573
494
495
1016
568
569
574
488
3
